[data]
Modelo = 439
vPosX = 456.171417
vPosY = -1839.643310
vPosZ = 4.368657
vPosA = 357.744659
Color1 = 6
Color2 = 6
Interior = 0
VirtualWorld = 0
