[data]
Modelo = 482
Color1 = 0
Color2 = 0
Precio = 30000
Dueño = Sin Dueño
vPosX = 1790.935913
vPosY = -1888.230590
vPosZ = 13.533596
vPosA = 186.282058
Placa = Burrito
PaintJ = -1
vMod_0 = 0
vMod_1 = 0
vMod_2 = 0
vMod_3 = 0
vMod_4 = 0
vMod_5 = 0
vMod_6 = 0
vMod_7 = 0
vMod_8 = 0
vMod_9 = 0
vMod_10 = 0
vMod_11 = 0
Usado = false
Cerrado = false
Familia = 0
Interior = 0
VirtualWorld = 0
Metros_recorridos = 0.000000
Arma_0 = 0
Balas_0 = 0
Arma_1 = 0
Balas_1 = 0
Arma_2 = 0
Balas_2 = 0
Arma_3 = 0
Balas_3 = 0
