[data]
Modelo = 419
Color1 = 0
Color2 = 98
Precio = 6000
Dueño = Sin Dueño
vPosX = 1763.436767
vPosY = -1903.151733
vPosZ = 13.363162
vPosA = 358.966003
Placa = Esperanto
PaintJ = -1
vMod_0 = 0
vMod_1 = 0
vMod_2 = 0
vMod_3 = 0
vMod_4 = 0
vMod_5 = 0
vMod_6 = 0
vMod_7 = 0
vMod_8 = 0
vMod_9 = 0
vMod_10 = 0
vMod_11 = 0
Usado = false
Cerrado = false
Familia = 0
Interior = 0
VirtualWorld = 0
Metros_recorridos = 26.328819
Arma_0 = 0
Balas_0 = 0
Arma_1 = 0
Balas_1 = 0
Arma_2 = 0
Balas_2 = 0
Arma_3 = 0
Balas_3 = 0
