[data]
Modelo = 434
Color1 = 6
Color2 = 4
Precio = 250000
Dueño = Sin Dueño
vPosX = -941.696960
vPosY = 1924.192504
vPosZ = 42.822101
vPosA = 101.068061
Placa = Hotknife
PaintJ = -1
vMod_0 = 0
vMod_1 = 0
vMod_2 = 0
vMod_3 = 0
vMod_4 = 0
vMod_5 = 0
vMod_6 = 0
vMod_7 = 0
vMod_8 = 0
vMod_9 = 0
vMod_10 = 0
vMod_11 = 0
Usado = false
Cerrado = false
Familia = 0
Interior = 17
VirtualWorld = 0
Metros_recorridos = 0.000000
Arma_0 = 0
Balas_0 = 0
Arma_1 = 0
Balas_1 = 0
Arma_2 = 0
Balas_2 = 0
Arma_3 = 0
Balas_3 = 0
