[data]
Modelo = 541
vPosX = -955.336059
vPosY = 1919.054443
vPosZ = 28.923439
vPosA = 1.893825
Color1 = 166
Color2 = 60
Interior = 17
VirtualWorld = 10007
