[data]
Modelo = 415
vPosX = -949.566711
vPosY = 1925.565917
vPosZ = 28.923439
vPosA = 89.045440
Color1 = 6
Color2 = 6
Interior = 17
VirtualWorld = 10007
