[data]
Modelo = 429
vPosX = -948.026245
vPosY = 1935.236450
vPosZ = 28.923439
vPosA = 169.029739
Color1 = 1
Color2 = 0
Interior = 17
VirtualWorld = 10007
