[data]
Modelo = 522
vPosX = -956.433166
vPosY = 1911.371459
vPosZ = 28.928085
vPosA = 33.190460
Color1 = 156
Color2 = 55
Interior = 17
VirtualWorld = 10007
