[data]
Modelo = 565
vPosX = -945.468322
vPosY = 1919.377319
vPosZ = 42.822101
vPosA = 312.477355
Color1 = 33
Color2 = 169
Interior = 17
VirtualWorld = 10007
