[data]
Modelo = 560
vPosX = -949.522460
vPosY = 1935.121704
vPosZ = 42.829689
vPosA = 28.952301
Color1 = 120
Color2 = 187
Interior = 17
VirtualWorld = 10007
