[data]
Modelo = 561
vPosX = -958.777832
vPosY = 1930.733520
vPosZ = 42.829689
vPosA = 340.696166
Color1 = 9
Color2 = 92
Interior = 17
VirtualWorld = 10007
