[data]
Modelo = 559
vPosX = -950.483032
vPosY = 1943.328979
vPosZ = 42.829689
vPosA = 293.907043
Color1 = 194
Color2 = 88
Interior = 17
VirtualWorld = 10007
