[data]
Modelo = 558
vPosX = -941.820129
vPosY = 1936.314697
vPosZ = 42.829689
vPosA = 234.542724
Color1 = 67
Color2 = 180
Interior = 17
VirtualWorld = 10007
