[data]
Modelo = 526
Color1 = 7
Color2 = 0
Precio = 18000
Dueño = Sin Dueño
vPosX = 1776.699340
vPosY = -1887.905883
vPosZ = 13.183506
vPosA = 181.285522
Placa = Fortune
PaintJ = -1
vMod1 = 0
vMod2 = 0
vMod3 = 0
vMod4 = 0
vMod5 = 0
vMod6 = 0
vMod7 = 0
vMod8 = 0
vMod9 = 0
vMod10 = 0
vMod11 = 0
vMod12 = 0
Usado = false
Cerrado = false
Familia = 0
Interior = 0
VirtualWorld = 0
Metros_recorridos = 46.531414
vMod_0 = 0
vMod_1 = 0
vMod_2 = 0
vMod_3 = 0
vMod_4 = 0
vMod_5 = 0
vMod_6 = 0
vMod_7 = 0
vMod_8 = 0
vMod_9 = 0
vMod_10 = 0
vMod_11 = 0
Arma_0 = 0
Balas_0 = 0
Arma_1 = 0
Balas_1 = 0
Arma_2 = 0
Balas_2 = 0
Arma_3 = 0
Balas_3 = 0
