[data]
Modelo = 562
vPosX = -951.909362
vPosY = 1924.894775
vPosZ = 42.829689
vPosA = 162.867080
Color1 = 116
Color2 = 175
Interior = 17
VirtualWorld = 10007
