[data]
Modelo = 465
vPosX = 248.662002
vPosY = 1847.575073
vPosZ = 8.771852
vPosA = 12.995474
Color1 = 157
Color2 = 121
Interior = 0
VirtualWorld = 66666
