[data]
Pos_x = 266.499664
Pos_y = 304.954559
Pos_z = 999.148437
Interior = 2
Nombre = Habit Blanca-Chiquita
[data]
Interior = 2
Pos_x = 266.668243
Pos_y = 305.075042
Pos_z = 999.148437
Nombre = Interior Pequeñisimo
