[data]
Pos_x = 267.5699
Pos_y = 1186.679687
Pos_z = 1080.257812
Interior = 3
Nombre = Alfombra Roja (Piso)
