[data]
Pos_x = 23.908735
Pos_y = 1320.530156
Pos_z = 1084.375000
Interior = 10
Nombre = Casa Blanca M (LV)