[data]
Pos_x = 2317.878173
Pos_y = -1026.683715
Pos_z = 1050.217773
Interior = 9
Nombre = Casa Lujosa (LV)
