[data]
Pos_x = 2324.491455
Pos_y = -1149.545410
Pos_z = 1050.710083
Interior = 12
Nombre = Forma M. Vinewood
