[data]
Interior = 5
Pos_x = 1299.058593
Pos_y = -796.149597
Pos_z = 1084.007812
Nombre = Mansion MaddDog
