[data]
Pos_x = 2218.402099
Pos_y = -1076.266723
Pos_z = 1050.484375
Interior = 1
Nombre = Habit. de Lujo
