[data]
Interior = 8
Pos_x = 2365.263916
Pos_y = -1134.603637
Pos_z = 1050.672363
Nombre = Vinewood (Chica)
