[data]
Pos_x = 2196.836181
Pos_y = -1204.180297
Pos_z = 1049.023437
Interior = 6
Nombre = Vinewood (Media)
