ID = 980
Pos_x = 1246.418701
Pos_y = -767.361816
Pos_z = 93.798347
Rot_x = 0.000000
Rot_y = 0.000000
Rot_z = 0.000000
Abierto_x = 1256.250732
Abierto_y = -767.361816
Abierto_z = 93.798347
Velocidad = 2.000000
Familia = 0
Casa = 199
