ID = 980
Pos_x = 264.851165
Pos_y = -1333.119506
Pos_z = 54.959526
Rot_x = 2.099999
Rot_y = 0.000001
Rot_z = 34.300010
Abierto_x = 256.060882
Abierto_y = -1339.256469
Abierto_z = 54.885128
Velocidad = 5.000000
Familia = 0
Casa = 37
