ID = 980
Pos_x = 321.406799
Pos_y = -1188.216674
Pos_z = 77.942802
Rot_x = 0.000000
Rot_y = 0.000000
Rot_z = 38.300060
Abierto_x = 321.406799
Abierto_y = -1188.216674
Abierto_z = 72.422821
Velocidad = 2.000000
Familia = 0
Casa = 43
