ID = 988
Pos_x = 261.928985
Pos_y = -1231.483398
Pos_z = 72.989082
Rot_x = 1.700000
Rot_y = 0.200000
Rot_z = 37.299995
Abierto_x = 257.835021
Abierto_y = -1234.592895
Abierto_z = 72.737159
Velocidad = 2.000000
Familia = 0
Casa = 249
