ID = 980
Pos_x = 282.765869
Pos_y = -1320.138671
Pos_z = 55.626743
Rot_x = 0.000000
Rot_y = 0.000000
Rot_z = 38.300060
Abierto_x = 282.765869
Abierto_y = -1320.138671
Abierto_z = 50.056743
Velocidad = 2.000000
Familia = 0
Casa = 36
