ID = 980
Pos_x = 1019.596069
Pos_y = -365.776733
Pos_z = 75.642814
Rot_x = 0.000000
Rot_y = 0.000000
Rot_z = 0.000000
Abierto_x = 1019.596069
Abierto_y = -365.776733
Abierto_z = 80.312812
Velocidad = 1.000000
Familia = 3
Casa = 0
