ID = 980
Pos_x = 1269.886108
Pos_y = -1837.236816
Pos_z = 14.307722
Rot_x = 0.000000
Rot_y = 0.000000
Rot_z = 0.000000
Abierto_x = 1269.886108
Abierto_y = -1837.236816
Abierto_z = 9.617719
Velocidad = 1.000000
Familia = 0
Casa = 409
