ID = 980
Pos_x = 2824.772949
Pos_y = -1119.539062
Pos_z = 26.736732
Rot_x = 0.000000
Rot_y = 0.000000
Rot_z = -89.699951
Abierto_x = 2824.772949
Abierto_y = -1119.539062
Abierto_z = 21.056720
Velocidad = 3.000000
Familia = 2
Casa = 0
