ID = 980
Pos_x = 499.624389
Pos_y = -1556.454345
Pos_z = 18.538635
Rot_x = 0.000000
Rot_y = 0.000000
Rot_z = 36.299999
Abierto_x = 499.624389
Abierto_y = -1556.454345
Abierto_z = 13.338631
Velocidad = 2.000000
Familia = 2
Casa = 0
