ID = 980
Pos_x = 498.165771
Pos_y = -1456.531127
Pos_z = 18.513236
Rot_x = 0.000000
Rot_y = 0.000000
Rot_z = -11.999993
Abierto_x = 498.165771
Abierto_y = -1456.531127
Abierto_z = 12.993228
Velocidad = 1.000000
Familia = 2
Casa = 0
