ID = 980
Pos_x = 1535.487426
Pos_y = -1451.420043
Pos_z = 14.452802
Rot_x = 0.000000
Rot_y = 0.000000
Rot_z = 0.000000
Abierto_x = 1545.487670
Abierto_y = -1451.254028
Abierto_z = 15.006339
Velocidad = 1.000000
Familia = 0
Casa = 489
