ID = 975
Pos_x = 2288.107666
Pos_y = 623.027954
Pos_z = 11.366890
Rot_x = 0.000000
Rot_y = 0.000000
Rot_z = 0.000000
Abierto_x = 2296.740234
Abierto_y = 623.027954
Abierto_z = 11.366890
Velocidad = 5.000000
Familia = 0
Casa = 230
