ID = 980
Pos_x = 1213.554077
Pos_y = -1837.273437
Pos_z = 14.272803
Rot_x = 0.000000
Rot_y = 0.000000
Rot_z = 0.000000
Abierto_x = 1201.910156
Abierto_y = -1837.273437
Abierto_z = 14.272803
Velocidad = 1.000000
Familia = 0
Casa = 409
