ID = 1495
Pos_x = 2293.264404
Pos_y = 550.752624
Pos_z = 4.051070
Rot_x = 0.000000
Rot_y = 0.000000
Rot_z = 0.000000
Abierto_x = 2291.766845
Abierto_y = 550.815979
Abierto_z = 4.089499
Velocidad = 1.000000
Familia = 0
Casa = 230
