ID = 1495
Pos_x = 2359.066650
Pos_y = 550.720886
Pos_z = 4.174540
Rot_x = 0.000000
Rot_y = 0.000000
Rot_z = 0.000000
Abierto_x = 2357.515136
Abierto_y = 550.720886
Abierto_z = 4.174540
Velocidad = 1.000000
Familia = 0
Casa = 230
