ID = 980
Pos_x = 664.928771
Pos_y = -1307.994262
Pos_z = 15.430939
Rot_x = 0.000000
Rot_y = 0.000000
Rot_z = -178.499984
Abierto_x = 664.928771
Abierto_y = -1307.994262
Abierto_z = 9.660948
Velocidad = 2.000000
Familia = 0
Casa = 490
