ID = 980
Pos_x = 661.280517
Pos_y = -1228.140747
Pos_z = 17.486433
Rot_x = 0.000000
Rot_y = 0.000000
Rot_z = 59.899990
Abierto_x = 661.280517
Abierto_y = -1228.140747
Abierto_z = 11.856440
Velocidad = 2.000000
Familia = 0
Casa = 490
