ID = 980
Pos_x = 784.941162
Pos_y = -1152.401000
Pos_z = 25.363130
Rot_x = 0.000000
Rot_y = 0.000000
Rot_z = -89.799987
Abierto_x = 784.941162
Abierto_y = -1152.401000
Abierto_z = 19.733133
Velocidad = 20.000000
Familia = 0
Casa = 490
