ID = 980
Pos_x = 919.400939
Pos_y = -633.276916
Pos_z = 116.097923
Rot_x = 0.000000
Rot_y = 0.000000
Rot_z = -139.499923
Abierto_x = 919.400939
Abierto_y = -633.276916
Abierto_z = 110.877922
Velocidad = 1.000000
Familia = 0
Casa = 492
