ID = 980
Pos_x = 960.415466
Pos_y = -942.328063
Pos_z = 42.047744
Rot_x = 0.000000
Rot_y = 0.000000
Rot_z = 177.900070
Abierto_x = 950.972045
Abierto_y = -941.981994
Abierto_z = 42.047744
Velocidad = 2.000000
Familia = 0
Casa = 457
