ID = 980
Pos_x = 2071.603515
Pos_y = -1873.005371
Pos_z = 15.326872
Rot_x = 0.000000
Rot_y = 0.000000
Rot_z = -89.800117
Abierto_x = 2071.603515
Abierto_y = -1873.005371
Abierto_z = 9.786866
Velocidad = 2.000000
Familia = 0
Casa = 498
