ID = 980
Pos_x = 836.899902
Pos_y = -1929.116943
Pos_z = 14.647184
Rot_x = 0.000000
Rot_y = 0.000000
Rot_z = 0.000000
Abierto_x = 836.899902
Abierto_y = -1929.116943
Abierto_z = 19.697212
Familia = 1
Velocidad = 2.000000
Casa = 0
