ID = 980
Pos_x = 804.889770
Pos_y = -2010.672485
Pos_z = 5.160713
Rot_x = 0.000000
Rot_y = 0.000000
Rot_z = -89.999984
Abierto_x = 804.889770
Abierto_y = -2010.672485
Abierto_z = -0.539286
Familia = 1
Velocidad = 5.000000
Casa = 0
