ID = 980
Pos_x = 1397.318115
Pos_y = 2694.003662
Pos_z = 12.610314
Rot_x = 0.000000
Rot_y = 0.000000
Rot_z = 92.399986
Abierto_x = 1397.318115
Abierto_y = 2694.003662
Abierto_z = 7.030313
Velocidad = 8.000000
Familia = 0
Casa = 231
