ID = 980
Pos_x = 211.069534
Pos_y = -1350.646118
Pos_z = 52.348518
Rot_x = 0.900000
Rot_y = 0.099999
Rot_z = 42.600006
Abierto_x = 211.099685
Abierto_y = -1350.498901
Abierto_z = 46.859039
Velocidad = 1.000000
Familia = 0
Casa = 39
