ID = 980
Pos_x = 2135.991699
Pos_y = -1290.740966
Pos_z = 24.010738
Rot_x = 0.000000
Rot_y = 0.000000
Rot_z = 0.000000
Abierto_x = 2129.421630
Abierto_y = -1290.740966
Abierto_z = 24.010738
Velocidad = 3.000000
Familia = 0
Casa = 172
