ID = 980
Pos_x = 847.764953
Pos_y = -577.083312
Pos_z = 16.023180
Rot_x = 0.000000
Rot_y = 0.099999
Rot_z = 179.800155
Abierto_x = 852.927185
Abierto_y = -577.101989
Abierto_z = 16.032125
Velocidad = 2.000000
Familia = 0
Casa = 231
