ID = 980
Pos_x = 1643.632446
Pos_y = -1712.694580
Pos_z = 17.356758
Rot_x = 0.000000
Rot_y = 0.000000
Rot_z = 89.699996
Abierto_x = 1643.665649
Abierto_y = -1706.404541
Abierto_z = 17.356758
Velocidad = 2.000000
Familia = 0
Casa = 220
