[data]
ID_Model = 1271
Tamaño = 0
Color = 0
Tamaño_o = 0
Index_o = 0
Pos_x = 267.926757
Pos_y = 2895.632324
Pos_z = 9.671376
Ang_x = 0.000000
Ang_y = 0.000000
Ang_z = 29.899997
Nombre = 
