[data]
ID_Model = 3037
Tamaño = 0
Color = 0
Tamaño_o = 0
Index_o = 0
Pos_x = 2065.250000
Pos_y = -2076.050292
Pos_z = 14.686876
Ang_x = 0.000000
Ang_y = 0.000000
Ang_z = 0.000000
Nombre = 
