[data]
ID_Model = 948
Tamaño = 0
Color = 0
Tamaño_o = 0
Index_o = 0
Pos_x = 944.504882
Pos_y = -588.862243
Pos_z = 114.164207
Ang_x = 0.000000
Ang_y = 0.000000
Ang_z = 6.900001
Nombre = 
