[data]
ID_Model = 9099
Tamaño = 0
Color = 0
Tamaño_o = 0
Index_o = 0
Pos_x = 667.849426
Pos_y = -1217.027099
Pos_z = 18.331171
Ang_x = 0.000000
Ang_y = 0.000000
Ang_z = -30.899991
Nombre = 
