[data]
ID_Model = 9099
Tamaño = 0
Color = 0
Tamaño_o = 0
Index_o = 0
Pos_x = 669.237365
Pos_y = -1214.746093
Pos_z = 18.325159
Ang_x = 0.000000
Ang_y = 0.000000
Ang_z = -31.799997
Nombre = 
