[data]
ID_Model = 9099
Tamaño = 0
Color = 0
Tamaño_o = 0
Index_o = 0
Pos_x = 667.772338
Pos_y = -1216.897827
Pos_z = 15.882681
Ang_x = 0.000000
Ang_y = 0.000000
Ang_z = -27.599994
Nombre = 
