[data]
ID_Model = 9192
Tamaño = 0
Color = 0
Tamaño_o = 0
Index_o = 0
Pos_x = 2069.454833
Pos_y = -1894.899291
Pos_z = 23.756917
Ang_x = 2.099997
Ang_y = 0.000000
Ang_z = 51.899982
Nombre = 
