[data]
ID_Model = 9833
Tamaño = 0
Color = 0
Tamaño_o = 0
Index_o = 0
Pos_x = 1087.977172
Pos_y = -1380.597534
Pos_z = 15.951250
Ang_x = 0.000000
Ang_y = 0.000000
Ang_z = -50.099998
Nombre = 
