[data]
ID_Model = 2736
Tamaño = 0
Color = 0
Tamaño_o = 0
Index_o = 0
Pos_x = 1112.073852
Pos_y = -1369.722412
Pos_z = 19.354387
Ang_x = 0.000000
Ang_y = 0.000000
Ang_z = 0.000000
Nombre = 
