[data]
ID_Model = 2643
Tamaño = 0
Color = 0
Tamaño_o = 0
Index_o = 0
Pos_x = 1118.967651
Pos_y = -1369.779296
Pos_z = 17.244392
Ang_x = 0.000000
Ang_y = 0.000000
Ang_z = 0.000000
Nombre = 
