[data]
ID_Model = 1280
Tamaño = 0
Color = 0
Tamaño_o = 0
Index_o = 0
Pos_x = 1120.451538
Pos_y = -1383.581665
Pos_z = 13.205778
Ang_x = -0.100000
Ang_y = -1.599998
Ang_z = 78.699951
Nombre = 
