[data]
ID_Model = 1496
Tamaño = 0
Color = 0
Tamaño_o = 0
Index_o = 0
Pos_x = 1509.504150
Pos_y = -1462.059570
Pos_z = 8.489994
Ang_x = 0.000000
Ang_y = 0.000000
Ang_z = -90.000114
Nombre = 
