[data]
ID_Model = 1280
Tamaño = 0
Color = 0
Tamaño_o = 0
Index_o = 0
Pos_x = 1111.742065
Pos_y = -1381.773071
Pos_z = 13.191731
Ang_x = 0.000000
Ang_y = 0.000000
Ang_z = 78.700004
Nombre = 
