[data]
ID_Model = 869
Tamaño = 0
Color = 0
Tamaño_o = 0
Index_o = 0
Pos_x = 1125.183593
Pos_y = -1379.690185
Pos_z = 13.687910
Ang_x = 0.000000
Ang_y = 0.000000
Ang_z = 0.000000
Nombre = 
