[data]
ID_Model = 869
Tamaño = 0
Color = 0
Tamaño_o = 0
Index_o = 0
Pos_x = 1113.075927
Pos_y = -1378.290161
Pos_z = 13.817918
Ang_x = 0.000000
Ang_y = 0.000000
Ang_z = 0.000000
Nombre = 
