[data]
ID_Model = 620
Tamaño = 0
Color = 0
Tamaño_o = 0
Index_o = 0
Pos_x = 1119.367065
Pos_y = -1379.241333
Pos_z = 12.927793
Ang_x = 0.000000
Ang_y = 0.000000
Ang_z = 0.000000
Nombre = 
