[data]
ID_Model = 9192
Tamaño = 0
Color = 0
Tamaño_o = 0
Index_o = 0
Pos_x = 2043.623779
Pos_y = -1920.470947
Pos_z = 23.902811
Ang_x = 0.000000
Ang_y = 0.000000
Ang_z = -139.800033
Nombre = 
