[data]
ID_Model = 11505
Tamaño = 0
Color = 0
Tamaño_o = 0
Index_o = 0
Pos_x = 2062.601562
Pos_y = -1911.946166
Pos_z = 16.903226
Ang_x = 0.000000
Ang_y = 0.000000
Ang_z = 0.000000
Nombre = 
