[data]
ID_Model = 983
Tamaño = 0
Color = 0
Tamaño_o = 0
Index_o = 0
Pos_x = 2059.515625
Pos_y = -1922.362426
Pos_z = 13.236867
Ang_x = 0.000000
Ang_y = 0.000000
Ang_z = 90.000022
Nombre = 
