[data]
ID_Model = 983
Tamaño = 0
Color = 0
Tamaño_o = 0
Index_o = 0
Pos_x = 2053.120605
Pos_y = -1922.364257
Pos_z = 13.226867
Ang_x = 0.000000
Ang_y = 0.000000
Ang_z = 90.199996
Nombre = 
