[data]
ID_Model = 983
Tamaño = 0
Color = 0
Tamaño_o = 0
Index_o = 0
Pos_x = 2065.883789
Pos_y = -1922.391967
Pos_z = 13.216872
Ang_x = 0.000000
Ang_y = 0.000000
Ang_z = 89.600051
Nombre = 
