[data]
ID_Model = 19375
Tamaño = 0
Color = 0
Tamaño_o = 0
Index_o = 0
Pos_x = 1150.656982
Pos_y = -1314.626708
Pos_z = 15.216080
Ang_x = -37.799995
Ang_y = 88.300018
Ang_z = 0.000000
Nombre = 
