[data]
ID_Model = 17951
Tamaño = 0
Color = 0
Tamaño_o = 0
Index_o = 0
Pos_x = 1958.396850
Pos_y = -1622.652954
Pos_z = 16.748746
Ang_x = 0.000000
Ang_y = 0.000000
Ang_z = -2.500000
Nombre = 
