[data]
ID_Model = 17951
Tamaño = 0
Color = 0
Tamaño_o = 0
Index_o = 0
Pos_x = 1985.060058
Pos_y = -1622.835571
Pos_z = 16.632009
Ang_x = 0.099999
Ang_y = -0.999999
Ang_z = 0.699999
Nombre = 
