[data]
ID_Model = 19959
Tamaño = 0
Color = 0
Tamaño_o = 0
Index_o = 0
Pos_x = 1945.359497
Pos_y = -1616.006713
Pos_z = 12.512011
Ang_x = 0.000000
Ang_y = 0.000000
Ang_z = -93.999900
Nombre = 
