[data]
ID_Model = 19958
Tamaño = 0
Color = 0
Tamaño_o = 0
Index_o = 0
Pos_x = 2002.243896
Pos_y = -1610.565795
Pos_z = 12.365079
Ang_x = 0.000000
Ang_y = 0.000000
Ang_z = 76.699996
Nombre = 
