[data]
ID_Model = 1704
Tamaño = 0
Color = 0
Tamaño_o = 0
Index_o = 0
Pos_x = 1974.652343
Pos_y = -1155.207031
Pos_z = 19.917640
Ang_x = 0.000000
Ang_y = 0.000000
Ang_z = 0.000000
Nombre = 
