[data]
ID_Model = 1704
Tamaño = 0
Color = 0
Tamaño_o = 0
Index_o = 0
Pos_x = 1974.559814
Pos_y = -1159.290161
Pos_z = 19.900154
Ang_x = 0.000000
Ang_y = 0.000000
Ang_z = -179.900100
Nombre = 
