[data]
ID_Model = 1704
Tamaño = 0
Color = 0
Tamaño_o = 0
Index_o = 0
Pos_x = 1975.673706
Pos_y = -1159.306152
Pos_z = 19.897815
Ang_x = 0.000000
Ang_y = 0.000000
Ang_z = -179.899993
Nombre = 
