[data]
ID_Model = 1827
Tamaño = 0
Color = 0
Tamaño_o = 0
Index_o = 0
Pos_x = 1974.857055
Pos_y = -1157.260864
Pos_z = 19.887384
Ang_x = 0.000000
Ang_y = 0.000000
Ang_z = 0.000000
Nombre = 
