[data]
ID_Model = 19319
Tamaño = 0
Color = 0
Tamaño_o = 0
Index_o = 0
Pos_x = 836.660034
Pos_y = -1381.708496
Pos_z = 23.499065
Ang_x = -6.799991
Ang_y = 2.600001
Ang_z = 176.600006
Nombre = 
