[data]
ID_Model = 980
Tamaño = 0
Color = 0
Tamaño_o = 0
Index_o = 0
Pos_x = 1595.230346
Pos_y = -2186.706787
Pos_z = 12.472517
Ang_x = 89.800018
Ang_y = 0.000000
Ang_z = 0.000000
Nombre = 
