[data]
ID_Model = 19129
Tamaño = 0
Color = 0
Tamaño_o = 0
Index_o = 0
Pos_x = 837.364562
Pos_y = -1374.666015
Pos_z = 21.492046
Ang_x = 0.000000
Ang_y = 0.000000
Ang_z = 0.000000
Nombre = 
