[data]
ID_Model = 2773
Tamaño = 0
Color = 0
Tamaño_o = 0
Index_o = 0
Pos_x = 848.594482
Pos_y = -1379.563842
Pos_z = 13.170079
Ang_x = -2.100000
Ang_y = 1.500000
Ang_z = -91.499969
Nombre = 
