[data]
ID_Model = 18654
Tamaño = 0
Color = 0
Tamaño_o = 0
Index_o = 0
Pos_x = 832.421386
Pos_y = -1383.140380
Pos_z = 22.785223
Ang_x = 0.000000
Ang_y = 0.000000
Ang_z = -123.999977
Nombre = 
