[data]
ID_Model = 19129
Tamaño = 0
Color = 0
Tamaño_o = 0
Index_o = 0
Pos_x = 837.382446
Pos_y = -1374.802368
Pos_z = 21.489555
Ang_x = 0.000000
Ang_y = 0.000000
Ang_z = 0.000000
Nombre = 
