[data]
ID_Model = 19152
Tamaño = 0
Color = 0
Tamaño_o = 0
Index_o = 0
Pos_x = 839.635681
Pos_y = -1359.531860
Pos_z = 24.586744
Ang_x = 0.000000
Ang_y = 0.000000
Ang_z = -176.999923
Nombre = 
