[data]
ID_Model = 18653
Tamaño = 0
Color = 0
Tamaño_o = 0
Index_o = 0
Pos_x = 841.814147
Pos_y = -1383.179931
Pos_z = 22.774305
Ang_x = 0.000000
Ang_y = 0.000000
Ang_z = -22.100044
Nombre = 
