[data]
ID_Model = 1557
Tamaño = 0
Color = 0
Tamaño_o = 0
Index_o = 0
Pos_x = 732.042114
Pos_y = -1349.798217
Pos_z = 12.450249
Ang_x = 0.000000
Ang_y = 0.000000
Ang_z = 89.999954
Nombre = 
