[data]
ID_Model = 19375
Tamaño = 0
Color = 0
Tamaño_o = 0
Index_o = 0
Pos_x = 1150.147949
Pos_y = -1346.662719
Pos_z = 20.667867
Ang_x = -0.799999
Ang_y = -62.399993
Ang_z = 90.400001
Nombre = 
