[data]
ID_Model = 1516
Tamaño = 0
Color = 0
Tamaño_o = 0
Index_o = 0
Pos_x = 2433.457275
Pos_y = -1641.958129
Pos_z = 12.639894
Ang_x = 0.000000
Ang_y = 0.000000
Ang_z = 0.000000
Nombre = 
