[data]
ID_Model = 2121
Tamaño = 0
Color = 0
Tamaño_o = 0
Index_o = 0
Pos_x = 2432.480712
Pos_y = -1641.873535
Pos_z = 13.004729
Ang_x = 0.000000
Ang_y = 0.000000
Ang_z = 92.000007
Nombre = 
