[data]
ID_Model = 2121
Tamaño = 0
Color = 0
Tamaño_o = 0
Index_o = 0
Pos_x = 2434.621337
Pos_y = -1641.838500
Pos_z = 13.030014
Ang_x = 0.000000
Ang_y = 0.000000
Ang_z = -95.499984
Nombre = 
