[data]
ID_Model = 1550
Tamaño = 0
Color = 0
Tamaño_o = 0
Index_o = 0
Pos_x = 2438.437255
Pos_y = -1644.674560
Pos_z = 12.982249
Ang_x = 162.999984
Ang_y = -168.799972
Ang_z = -152.199981
Nombre = 
