[data]
ID_Model = 19121
Tamaño = 0
Color = 0
Tamaño_o = 0
Index_o = 0
Pos_x = 1551.198852
Pos_y = 11.252780
Pos_z = 23.358776
Ang_x = 2.400001
Ang_y = -2.900022
Ang_z = 47.200019
Nombre = 
