[data]
ID_Model = 11691
Tamaño = 0
Color = 0
Tamaño_o = 0
Index_o = 0
Pos_x = 1547.172851
Pos_y = 12.609324
Pos_z = 23.148097
Ang_x = 0.000000
Ang_y = 0.000000
Ang_z = 8.799998
Nombre = 
