[data]
ID_Model = 2121
Tamaño = 0
Color = 0
Tamaño_o = 0
Index_o = 0
Pos_x = 1549.694580
Pos_y = 13.054723
Pos_z = 23.615268
Ang_x = 0.000000
Ang_y = 0.000000
Ang_z = -82.300025
Nombre = 
