[data]
ID_Model = 2121
Tamaño = 0
Color = 0
Tamaño_o = 0
Index_o = 0
Pos_x = 1544.599731
Pos_y = 12.170587
Pos_z = 23.625993
Ang_x = 0.000000
Ang_y = 0.000000
Ang_z = 99.199996
Nombre = 
