[data]
ID_Model = 19375
Tamaño = 0
Color = 0
Tamaño_o = 0
Index_o = 0
Pos_x = 1150.497070
Pos_y = -1351.538330
Pos_z = 23.215576
Ang_x = -28.899999
Ang_y = -90.599998
Ang_z = -0.599999
Nombre = 
