[data]
ID_Model = 16362
Tamaño = 0
Color = 0
Tamaño_o = 0
Index_o = 0
Pos_x = 1561.663085
Pos_y = -1679.192260
Pos_z = 7.950627
Ang_x = 0.000000
Ang_y = 0.000000
Ang_z = 0.000000
Nombre = 
