[data]
ID_Obj = 2197
ID_Model = 19373
Tamaño = 0
Color = 0
Tamaño_o = 0
Pos_x = -2028.758666
Pos_y = -120.101562
Pos_z = 1035.460571
Ang_x = 0.000000
Ang_y = 0.000000
Ang_z = -89.999923
Nombre = 
