[data]
ID_Obj = 2527
ID_Model = 2332
Tamaño = 0
Color = 0
Tamaño_o = 0
Pos_x = 317.580169
Pos_y = -158.272872
Pos_z = 1000.290832
Ang_x = 0.000000
Ang_y = 0.000000
Ang_z = 0.000000
Nombre = 
