[data]
ID_Obj = 2136
ID_Model = 19375
Tamaño = 0
Color = 0
Tamaño_o = 0
Pos_x = 1259.760742
Pos_y = -861.676513
Pos_z = 1092.049804
Ang_x = 0.000000
Ang_y = 0.000000
Ang_z = 0.000000
Nombre = 
Index_o = 0
