[data]
ID_Obj = 39
ID_Model = 1518
Tamaño = 0
Color = 0
Tamaño_o = 0
Pos_x = 232.066314
Pos_y = 124.083854
Pos_z = 1003.778137
Ang_x = 0.000000
Ang_y = 0.000000
Ang_z = 89.500000
Nombre = 
Index_o = 0
