[data]
ID_Obj = 41
ID_Model = 1518
Tamaño = 0
Color = 0
Tamaño_o = 0
Pos_x = 232.045684
Pos_y = 122.863975
Pos_z = 1004.238037
Ang_x = 0.000000
Ang_y = 0.000000
Ang_z = 89.500000
Nombre = 
