[data]
ID_Obj = 42
ID_Model = 1518
Tamaño = 0
Color = 0
Tamaño_o = 0
Pos_x = 232.060989
Pos_y = 123.473884
Pos_z = 1004.238403
Ang_x = 0.000000
Ang_y = 0.000000
Ang_z = 89.500000
Nombre = 
