[data]
ID_Model = 19380
Tamaño = 0
Color = 0
Tamaño_o = 0
Pos_x = 375.081573
Pos_y = 159.526672
Pos_z = 1006.012695
Ang_x = 0.000000
Ang_y = 0.000000
Ang_z = -91.500007
Nombre = 
