[data]
ID_Model = 2634
Tamaño = 0
Color = 0
Tamaño_o = 0
Pos_x = 371.995117
Pos_y = 159.598724
Pos_z = 1009.049682
Ang_x = 0.000000
Ang_y = 0.000000
Ang_z = 0.400070
Nombre = 
