[data]
ID_Model = 2332
Tamaño = 0
Color = 0
Tamaño_o = 0
Pos_x = 372.095306
Pos_y = 159.607269
Pos_z = 1008.839538
Ang_x = 0.000000
Ang_y = 0.000000
Ang_z = -179.100021
Nombre = 
