[data]
ID_Model = 991
Tamaño = 0
Color = 0
Tamaño_o = 0
Pos_x = 2178.674804
Pos_y = -1776.706298
Pos_z = 13.481129
Ang_x = 0.000000
Ang_y = 0.000000
Ang_z = 0.000000
Nombre = 
