[data]
ID_Obj = 2137
ID_Model = 19375
Tamaño = 0
Color = 0
Tamaño_o = 0
Pos_x = 1254.877685
Pos_y = -866.095642
Pos_z = 1092.074340
Ang_x = 0.000000
Ang_y = 0.000000
Ang_z = 89.999938
Nombre = 
