[data]
ID_Model = 1536
Tamaño = 0
Color = 0
Tamaño_o = 0
Pos_x = 2401.763671
Pos_y = -1714.545410
Pos_z = 13.132686
Ang_x = 0.000000
Ang_y = 0.000000
Ang_z = 0.000000
Nombre = 
