[data]
ID_Model = 9321
Tamaño = 0
Color = 0
Tamaño_o = 0
Index_o = 0
Pos_x = 2305.340820
Pos_y = 566.122558
Pos_z = 8.211253
Ang_x = 0.000000
Ang_y = 0.000000
Ang_z = 179.300003
Nombre = 
