[data]
ID_Model = 1429
Tamaño = 0
Color = 0
Tamaño_o = 0
Pos_x = 239.668579
Pos_y = 115.205009
Pos_z = 1003.806518
Ang_x = -0.600000
Ang_y = 0.000000
Ang_z = 88.999946
Nombre = 
