[data]
ID_Model = 4597
Tamaño = 0
Color = 0
Tamaño_o = 0
Pos_x = 1791.748779
Pos_y = -1884.318359
Pos_z = 12.971422
Ang_x = 0.000000
Ang_y = 0.000000
Ang_z = 0.000000
Nombre = 
