[data]
ID_Model = 4597
Tamaño = 0
Color = 0
Tamaño_o = 0
Pos_x = 1774.103027
Pos_y = -1917.639892
Pos_z = 12.993263
Ang_x = 0.000000
Ang_y = 0.000000
Ang_z = -89.899978
Nombre = 
