[data]
ID_Model = 4597
Tamaño = 0
Color = 0
Tamaño_o = 0
Pos_x = 1788.111572
Pos_y = -1917.617675
Pos_z = 12.831280
Ang_x = 0.000000
Ang_y = 0.000000
Ang_z = -93.400009
Nombre = 
