[data]
ID_Model = 4597
Tamaño = 0
Color = 0
Tamaño_o = 0
Pos_x = 1806.907470
Pos_y = -1917.622680
Pos_z = 12.969706
Ang_x = 0.000000
Ang_y = 0.000000
Ang_z = 89.900009
Nombre = 
