[data]
ID_Model = 971
Tamaño = 0
Color = 0
Tamaño_o = 0
Pos_x = 1697.626831
Pos_y = -2072.846435
Pos_z = 16.003160
Ang_x = -0.099999
Ang_y = -0.400000
Ang_z = 89.899971
Nombre = 
