[data]
ID_Model = 2648
Tamaño = 0
Color = 0
Tamaño_o = 0
Pos_x = -160.311706
Pos_y = -290.277526
Pos_z = 1050.296630
Ang_x = 0.000000
Ang_y = 0.000000
Ang_z = 89.399993
Nombre = 
