[data]
ID_Model = 2648
Tamaño = 0
Color = 0
Tamaño_o = 0
Pos_x = -147.513183
Pos_y = -289.974182
Pos_z = 1050.096557
Ang_x = 0.000000
Ang_y = 0.000000
Ang_z = -91.000022
Nombre = 
