[data]
ID_Obj = 2138
ID_Model = 19375
Tamaño = 0
Color = 0
Tamaño_o = 0
Pos_x = 1245.245117
Pos_y = -866.078796
Pos_z = 1092.068969
Ang_x = 0.100000
Ang_y = -0.199992
Ang_z = 89.799987
Nombre = 
