[data]
ID_Model = 1536
Tamaño = 0
Color = 0
Tamaño_o = 0
Pos_x = 1267.666381
Pos_y = -836.744628
Pos_z = 1043.855102
Ang_x = 0.000000
Ang_y = 0.000000
Ang_z = 0.000000
Nombre = 
