[data]
ID_Model = 1498
Tamaño = 0
Color = 0
Tamaño_o = 0
Pos_x = 266.934326
Pos_y = 1185.882934
Pos_z = 1079.262695
Ang_x = 0.000000
Ang_y = 0.000000
Ang_z = 0.000000
Nombre = 
