[data]
ID_Model = 1498
Tamaño = 0
Color = 0
Tamaño_o = 0
Pos_x = 23.523357
Pos_y = 1319.864379
Pos_z = 1083.349365
Ang_x = 0.000000
Ang_y = 0.000000
Ang_z = 0.000000
Nombre = 
