[data]
ID_Model = 19176
Tamaño = 0
Color = 0
Tamaño_o = 0
Pos_x = 1411.369262
Pos_y = -1699.351684
Pos_z = 14.059483
Ang_x = 0.000000
Ang_y = 0.000000
Ang_z = 54.599990
Nombre = 
