[data]
ID_Model = 18635
Tamaño = 0
Color = 0
Tamaño_o = 0
Index_o = 0
Pos_x = 2509.035400
Pos_y = -1749.017578
Pos_z = 5.320325
Ang_x = 90.299980
Ang_y = -7.400001
Ang_z = 109.699928
Nombre = 
