[data]
ID_Model = 18634
Tamaño = 0
Color = 0
Tamaño_o = 0
Index_o = 0
Pos_x = 2514.970214
Pos_y = -1749.614868
Pos_z = 6.239525
Ang_x = 90.400001
Ang_y = 5.899999
Ang_z = -87.199996
Nombre = 
