[data]
ID_Model = 337
Tamaño = 0
Color = 0
Tamaño_o = 0
Index_o = 0
Pos_x = 2505.070556
Pos_y = -1749.660644
Pos_z = 6.350000
Ang_x = 0.000000
Ang_y = 0.000000
Ang_z = 97.899955
Nombre = 
