[data]
ID_Model = 337
Tamaño = 0
Color = 0
Tamaño_o = 0
Index_o = 0
Pos_x = 2516.067871
Pos_y = -1749.660278
Pos_z = 6.150125
Ang_x = -7.899999
Ang_y = -0.199999
Ang_z = 92.700012
Nombre = 
