[data]
ID_Model = 1502
Tamaño = 0
Color = 0
Tamaño_o = 0
Index_o = 0
Pos_x = 278.412719
Pos_y = 1225.731933
Pos_z = 1564.915527
Ang_x = 0.000000
Ang_y = 0.000000
Ang_z = -91.700004
Nombre = 
