[data]
ID_Model = 973
Tamaño = 0
Color = 0
Tamaño_o = 0
Index_o = 0
Pos_x = 2377.405761
Pos_y = 2682.173339
Pos_z = 10.826838
Ang_x = 0.000000
Ang_y = -3.700000
Ang_z = -90.300064
Nombre = 
