[data]
ID_Obj = 2139
ID_Model = 19375
Tamaño = 0
Color = 0
Tamaño_o = 0
Pos_x = 1251.043090
Pos_y = -858.044860
Pos_z = 1092.074340
Ang_x = 0.000000
Ang_y = 0.000000
Ang_z = 90.000007
Nombre = 
