[data]
ID_Model = 2942
Tamaño = 0
Color = 0
Tamaño_o = 0
Index_o = 0
Pos_x = 1073.060058
Pos_y = -1698.051025
Pos_z = 13.186879
Ang_x = 0.000000
Ang_y = 0.000000
Ang_z = 0.000000
Nombre = 
