[data]
ID_Model = 1508
Tamaño = 0
Color = 0
Tamaño_o = 0
Index_o = 0
Pos_x = 2157.176025
Pos_y = -2302.693847
Pos_z = 14.162043
Ang_x = 0.000000
Ang_y = 0.000000
Ang_z = 43.799991
Nombre = 
