[data]
ID_Model = 12929
Tamaño = 0
Color = 0
Tamaño_o = 0
Index_o = 0
Pos_x = 1602.975952
Pos_y = -1611.648437
Pos_z = 12.366055
Ang_x = 0.000000
Ang_y = 0.000000
Ang_z = 90.100013
Nombre = 
