[data]
ID_Model = 12929
Tamaño = 0
Color = 0
Tamaño_o = 0
Index_o = 0
Pos_x = 1593.876831
Pos_y = -1611.726928
Pos_z = 12.377218
Ang_x = 0.000000
Ang_y = 0.000000
Ang_z = 89.699989
Nombre = 
