[data]
ID_Model = 10282
Tamaño = 0
Color = 0
Tamaño_o = 0
Index_o = 0
Pos_x = 1593.841308
Pos_y = -1609.059204
Pos_z = 13.395835
Ang_x = 0.000000
Ang_y = 0.000000
Ang_z = 0.000000
Nombre = 
