[data]
ID_Model = 10282
Tamaño = 0
Color = 0
Tamaño_o = 0
Index_o = 0
Pos_x = 1603.077636
Pos_y = -1609.049804
Pos_z = 13.475056
Ang_x = 0.000000
Ang_y = 0.000000
Ang_z = 0.000000
Nombre = 
