[data]
ID_Model = 980
Tamaño = 20
Color = 0
Tamaño_o = 110
Index_o = 140
Pos_x = 2766.541259
Pos_y = 315.470916
Pos_z = 10.060559
Ang_x = 0.000000
Ang_y = 0.000000
Ang_z = 0.000000
Nombre = TEST
