[data]
ID_Model = 980
Tamaño = 0
Color = 0
Tamaño_o = 0
Index_o = 0
Pos_x = 1683.019287
Pos_y = -1955.790649
Pos_z = 15.326880
Ang_x = 0.000000
Ang_y = 0.000000
Ang_z = -90.999885
Nombre = 
