[data]
ID_Model = 2942
Tamaño = 0
Color = 0
Tamaño_o = 0
Index_o = 0
Pos_x = 549.743591
Pos_y = -1260.259033
Pos_z = 16.481353
Ang_x = 0.000000
Ang_y = 0.000000
Ang_z = -144.499725
Nombre = 
