[data]
ID_Obj = 2140
ID_Model = 19375
Tamaño = 0
Color = 0
Tamaño_o = 0
Pos_x = 1260.642700
Pos_y = -858.045410
Pos_z = 1091.854370
Ang_x = 0.000000
Ang_y = 0.000000
Ang_z = 89.999977
Nombre = 
