[data]
ID_Model = 19375
Tamaño = 0
Color = 0
Tamaño_o = 0
Index_o = 0
Pos_x = 1630.818969
Pos_y = -2184.327392
Pos_z = 12.424059
Ang_x = 0.000000
Ang_y = 89.899986
Ang_z = 0.000000
Nombre = 
