[data]
ID_Model = 19176
Tamaño = 0
Color = 0
Tamaño_o = 0
Index_o = 0
Pos_x = 816.423950
Pos_y = -1583.583862
Pos_z = 14.034450
Ang_x = 0.000000
Ang_y = 0.000000
Ang_z = -21.600002
Nombre = 
