[data]
ID_Model = 2942
Tamaño = 0
Color = 0
Tamaño_o = 0
Index_o = 0
Pos_x = 646.754516
Pos_y = -1367.007812
Pos_z = 13.285118
Ang_x = 0.000000
Ang_y = 0.000000
Ang_z = -87.700035
Nombre = 
