[data]
ID_Model = 2942
Tamaño = 0
Color = 0
Tamaño_o = 0
Index_o = 0
Pos_x = 2253.694335
Pos_y = -1667.977294
Pos_z = 15.060740
Ang_x = 0.000000
Ang_y = 0.000000
Ang_z = 164.000015
Nombre = 
