[data]
ID_Model = 2942
Tamaño = 0
Color = 0
Tamaño_o = 0
Index_o = 0
Pos_x = 1833.218505
Pos_y = -1850.280029
Pos_z = 13.190925
Ang_x = -1.600003
Ang_y = -0.899999
Ang_z = -90.600036
Nombre = 
