[data]
ID_Model = 2942
Tamaño = 0
Color = 0
Tamaño_o = 0
Index_o = 0
Pos_x = 1002.572204
Pos_y = -1130.996215
Pos_z = 23.468116
Ang_x = 0.000000
Ang_y = 0.000000
Ang_z = 0.000000
Nombre = 
