[data]
ID_Model = 2942
Tamaño = 0
Color = 0
Tamaño_o = 0
Index_o = 0
Pos_x = 442.385559
Pos_y = -1793.924194
Pos_z = 5.186868
Ang_x = 0.000000
Ang_y = 0.000000
Ang_z = -179.299789
Nombre = 
