[data]
ID_Model = 2942
Tamaño = 0
Color = 0
Tamaño_o = 0
Index_o = 0
Pos_x = 1186.204101
Pos_y = -1376.177856
Pos_z = 13.217242
Ang_x = -1.099999
Ang_y = -0.399999
Ang_z = 92.500007
Nombre = 
