[data]
ID_Model = 2942
Tamaño = 0
Color = 0
Tamaño_o = 0
Index_o = 0
Pos_x = -390.092193
Pos_y = -1450.514160
Pos_z = 25.350893
Ang_x = 0.000000
Ang_y = 0.000000
Ang_z = 0.000000
Nombre = 
