[data]
ID_Model = 2942
Tamaño = 0
Color = 0
Tamaño_o = 0
Index_o = 0
Pos_x = 661.384704
Pos_y = -552.968078
Pos_z = 15.965940
Ang_x = 0.000000
Ang_y = 0.000000
Ang_z = -89.899963
Nombre = 
