[data]
ID_Obj = 2141
ID_Model = 19373
Tamaño = 0
Color = 0
Tamaño_o = 0
Pos_x = 251.262680
Pos_y = 1034.655151
Pos_z = 1084.726562
Ang_x = 0.000000
Ang_y = 0.000000
Ang_z = 0.000000
Nombre = 
