[data]
ID_Model = 2942
Tamaño = 0
Color = 0
Tamaño_o = 0
Index_o = 0
Pos_x = -509.896606
Pos_y = -539.235290
Pos_z = 25.163429
Ang_x = 0.000000
Ang_y = 0.000000
Ang_z = 0.000000
Nombre = 
