[data]
ID_Model = 980
Tamaño = 0
Color = 0
Tamaño_o = 0
Index_o = 0
Pos_x = 264.398132
Pos_y = -1599.514038
Pos_z = 29.182466
Ang_x = 0.000000
Ang_y = 1.100000
Ang_z = -21.800008
Nombre = 
