[data]
ID_Model = 19447
Tamaño = 0
Color = 0
Tamaño_o = 0
Index_o = 0
Pos_x = 291.275329
Pos_y = -1615.745971
Pos_z = 33.598499
Ang_x = 0.000000
Ang_y = 0.000000
Ang_z = -98.599983
Nombre = 
