[data]
ID_Model = 19447
Tamaño = 0
Color = 0
Tamaño_o = 0
Index_o = 0
Pos_x = 283.966949
Pos_y = -1614.511352
Pos_z = 33.599399
Ang_x = 0.000000
Ang_y = 0.000000
Ang_z = 81.099983
Nombre = 
