[data]
ID_Model = 19817
Tamaño = 0
Color = 0
Tamaño_o = 0
Index_o = 0
Pos_x = 1593.767333
Pos_y = -1613.424316
Pos_z = 11.522801
Ang_x = 0.000000
Ang_y = 0.000000
Ang_z = 0.000000
Nombre = 
