[data]
ID_Model = 19817
Tamaño = 0
Color = 0
Tamaño_o = 0
Index_o = 0
Pos_x = 1603.125000
Pos_y = -1613.321655
Pos_z = 11.501257
Ang_x = 0.000000
Ang_y = 0.000000
Ang_z = 0.000000
Nombre = 
