[data]
ID_Model = 3605
Tamaño = 0
Color = 0
Tamaño_o = 0
Index_o = 0
Pos_x = 931.731933
Pos_y = -596.046752
Pos_z = 119.485717
Ang_x = 0.000000
Ang_y = 0.000000
Ang_z = 6.099996
Nombre = 
