[data]
ID_Model = 2964
Tamaño = 0
Color = 0
Tamaño_o = 0
Index_o = 0
Pos_x = 942.432373
Pos_y = -584.192993
Pos_z = 114.114151
Ang_x = 0.000000
Ang_y = 0.000000
Ang_z = 6.099998
Nombre = 
