[data]
ID_Model = 338
Tamaño = 0
Color = 0
Tamaño_o = 0
Index_o = 0
Pos_x = 941.629028
Pos_y = -584.330383
Pos_z = 115.152191
Ang_x = -0.099993
Ang_y = 92.300140
Ang_z = 28.799991
Nombre = 
