[data]
ID_Model = 1568
Tamaño = 0
Color = 0
Tamaño_o = 0
Index_o = 0
Pos_x = 927.282592
Pos_y = -609.682556
Pos_z = 113.117919
Ang_x = 0.000000
Ang_y = 0.000000
Ang_z = 0.000000
Nombre = 
