[data]
ID_Model = 3749
Tamaño = 0
Color = 0
Tamaño_o = 0
Index_o = 0
Pos_x = 1246.353881
Pos_y = -767.557800
Pos_z = 96.859825
Ang_x = 0.000000
Ang_y = 0.000000
Ang_z = 0.000000
Nombre = 
