[data]
ID_Model = 3441
Tamaño = 0
Color = 0
Tamaño_o = 0
Index_o = 0
Pos_x = -141.998992
Pos_y = -577.445129
Pos_z = 0.229035
Ang_x = 0.000000
Ang_y = 0.000000
Ang_z = 0.000000
Nombre = 
