[data]
ID_Model = 3171
Tamaño = 0
Color = 0
Tamaño_o = 0
Index_o = 0
Pos_x = 878.384460
Pos_y = -26.336198
Pos_z = 62.125347
Ang_x = 0.000000
Ang_y = 0.000000
Ang_z = 66.199890
Nombre = 
