[data]
ID_Model = 16151
Tamaño = 0
Color = 0
Tamaño_o = 0
Index_o = 0
Pos_x = 922.004577
Pos_y = -590.479003
Pos_z = 114.474151
Ang_x = 0.000000
Ang_y = 0.000000
Ang_z = -84.099937
Nombre = 
