[data]
ID_Model = 16477
Tamaño = 0
Color = 0
Tamaño_o = 0
Index_o = 0
Pos_x = 2746.867431
Pos_y = -2537.631835
Pos_z = 12.555227
Ang_x = 0.000000
Ang_y = 0.000000
Ang_z = 20.400138
Nombre = 
