[data]
ID_Model = 16362
Tamaño = 0
Color = 0
Tamaño_o = 0
Index_o = 0
Pos_x = 2774.761962
Pos_y = -2335.847900
Pos_z = 15.625005
Ang_x = 0.000000
Ang_y = 0.000000
Ang_z = -89.699981
Nombre = 
