[data]
ID_Model = 9321
Tamaño = 0
Color = 0
Tamaño_o = 0
Index_o = 0
Pos_x = -1064.642944
Pos_y = -1220.899414
Pos_z = 129.661254
Ang_x = 0.000000
Ang_y = 0.000000
Ang_z = 0.000000
Nombre = 
