[data]
ID_Model = 1568
Tamaño = 0
Color = 0
Tamaño_o = 0
Index_o = 0
Pos_x = 936.986816
Pos_y = -608.712463
Pos_z = 113.137901
Ang_x = 0.000000
Ang_y = 0.000000
Ang_z = 0.000000
Nombre = 
