[data]
ID_Model = 3268
Tamaño = 0
Color = 0
Tamaño_o = 0
Index_o = 0
Pos_x = 2778.238769
Pos_y = -2894.778320
Pos_z = 11.693093
Ang_x = 0.000000
Ang_y = 0.000000
Ang_z = 0.000000
Nombre = 
