[data]
ID_Model = 948
Tamaño = 0
Color = 0
Tamaño_o = 0
Index_o = 0
Pos_x = 915.819580
Pos_y = -591.656982
Pos_z = 114.134155
Ang_x = 0.000000
Ang_y = 0.000000
Ang_z = 0.000000
Nombre = 
