[data]
ID_Model = 2188
Tamaño = 0
Color = 0
Tamaño_o = 0
Index_o = 0
Pos_x = 937.452880
Pos_y = -588.499511
Pos_z = 115.144203
Ang_x = 0.000000
Ang_y = -0.400000
Ang_z = -174.300033
Nombre = 
