[data]
ID_Model = 3749
Tamaño = 0
Color = 0
Tamaño_o = 0
Index_o = 0
Pos_x = 1246.352905
Pos_y = -767.458190
Pos_z = 85.267669
Ang_x = -178.899978
Ang_y = 0.000000
Ang_z = 0.000000
Nombre = 
