[data]
ID_Model = 1704
Tamaño = 0
Color = 0
Tamaño_o = 0
Index_o = 0
Pos_x = 916.471069
Pos_y = -584.602600
Pos_z = 114.134201
Ang_x = 0.000000
Ang_y = 0.000000
Ang_z = 5.699997
Nombre = 
