[data]
ID_Model = 1704
Tamaño = 0
Color = 0
Tamaño_o = 0
Index_o = 0
Pos_x = 917.561584
Pos_y = -584.481262
Pos_z = 114.134147
Ang_x = 0.099999
Ang_y = 0.000000
Ang_z = 7.299996
Nombre = 
