[data]
ID_Model = 338
Tamaño = 0
Color = 0
Tamaño_o = 0
Index_o = 0
Pos_x = 942.525756
Pos_y = -583.459533
Pos_z = 114.454208
Ang_x = 0.000000
Ang_y = 0.000000
Ang_z = 0.000000
Nombre = 
