[data]
ID_Model = 1568
Tamaño = 0
Color = 0
Tamaño_o = 0
Index_o = 0
Pos_x = 927.178039
Pos_y = -588.874938
Pos_z = 114.024154
Ang_x = 0.000000
Ang_y = 0.000000
Ang_z = 0.000000
Nombre = 
