[data]
ID_Model = 9833
Tamaño = 0
Color = 0
Tamaño_o = 0
Index_o = 0
Pos_x = 928.295288
Pos_y = -577.878173
Pos_z = 115.262481
Ang_x = 0.000000
Ang_y = 0.000000
Ang_z = 30.300001
Nombre = 
