[data]
ID_Model = 2231
Tamaño = 0
Color = 0
Tamaño_o = 0
Index_o = 0
Pos_x = 924.254577
Pos_y = -591.300598
Pos_z = 115.964157
Ang_x = 0.000000
Ang_y = 0.000000
Ang_z = -173.199966
Nombre = 
