[data]
ID_Model = 1594
Tamaño = 0
Color = 0
Tamaño_o = 0
Index_o = 0
Pos_x = 913.218261
Pos_y = -588.300354
Pos_z = 114.624145
Ang_x = 0.000000
Ang_y = 0.000000
Ang_z = 0.000000
Nombre = 
