[data]
ID_Model = 19831
Tamaño = 0
Color = 0
Tamaño_o = 0
Index_o = 0
Pos_x = 919.146667
Pos_y = -582.765380
Pos_z = 113.274154
Ang_x = 0.000000
Ang_y = 0.000000
Ang_z = -173.299835
Nombre = 
