[data]
ID_Model = 2231
Tamaño = 0
Color = 0
Tamaño_o = 0
Index_o = 0
Pos_x = 917.463745
Pos_y = -592.036132
Pos_z = 115.984207
Ang_x = 0.000000
Ang_y = 0.000000
Ang_z = -173.299942
Nombre = 
