[data]
Neg = 1
Litros = 3657
x = 1330.224731
y = -1823.461791
z = 13.976873
angle = -1.899950
