[data]
Neg = 1
Litros = 4643
x = 1330.259643
y = -1820.473144
z = 14.078845
angle = 177.300033
