[data]
Neg = 6
Litros = 4015
x = 1008.780639
y = -935.948120
z = 42.629657
angle = -82.500007
