[data]
Neg = 37
Litros = 4995
x = 2762.765136
y = -2337.555419
z = 14.016304
angle = 0.000000
