[data]
Neg = 37
Litros = 4829
x = 2774.881591
y = -2337.580566
z = 14.001585
angle = 0.000000
