[data]
Neg = 37
Litros = 4940
x = 2786.745117
y = -2337.466796
z = 14.010580
angle = 0.000000
