[data]
Neg = 24
Litros = 4570
x = 1941.844238
y = -1767.604492
z = 13.949378
angle = -2.400027
