[data]
Neg = 45
Litros = 3530
x = 2056.556152
y = -1909.003051
z = 13.986875
angle = -89.600021
