[data]
Neg = 45
Litros = 2413
x = 2068.506591
y = -1908.985595
z = 14.016881
angle = -90.200050
