[data]
Neg = 45
Litros = 2424
x = 2068.490722
y = -1916.700683
z = 14.036887
angle = 89.600006
