[data]
Neg = 26
Litros = 4889
x = -90.134078
y = -1176.019653
z = 2.627175
angle = -25.400070
