[data]
Neg = 45
Litros = 2583
x = 2056.646484
y = -1916.690795
z = 14.006883
angle = 90.300048
