[data]
Neg = 39
Litros = 4502
x = 2384.993408
y = -1738.587768
z = 13.860739
angle = 90.699974
