[data]
Neg = 39
Litros = 4291
x = 2394.938476
y = -1738.608276
z = 13.870745
angle = 90.099777
