[data]
Neg = 39
Litros = 4420
x = 2385.010986
y = -1746.081298
z = 13.850744
angle = 90.499977
