[data]
Neg = 39
Litros = 3810
x = 2374.316894
y = -1738.685668
z = 13.850734
angle = 87.300003
