[data]
Neg = 39
Litros = 4302
x = 2374.401611
y = -1746.086181
z = 13.870738
angle = 89.900032
