[data]
Neg = 39
Litros = 4410
x = 2395.685302
y = -1746.029296
z = 14.040740
angle = 91.200119
