[data]
Neg = 5
Litros = 4628
x = -2242.360107
y = -2563.638427
z = 32.351860
angle = -25.000000
