[data]
Neg = 5
Litros = 4915
x = -2241.016357
y = -2560.890625
z = 32.211868
angle = -31.500007
