[data]
Neg = 26
Litros = 4624
x = -85.493354
y = -1165.281372
z = 2.713732
angle = -21.900039
