[data]
Neg = 28
Litros = 4812
x = -1601.518798
y = -2707.185302
z = 49.239082
angle = 54.000019
