[data]
Neg = 28
Litros = 4073
x = -1604.807373
y = -2711.485595
z = 49.253471
angle = 49.699981
