[data]
Neg = 28
Litros = 3339
x = -1607.917480
y = -2715.968261
z = 49.259063
angle = 50.799987
