[data]
Neg = 28
Litros = 4237
x = -1611.167480
y = -2720.458496
z = 49.239055
angle = 54.599990
