[data]
Neg = 1
Litros = 4631
x = 1341.108764
y = -1823.757568
z = 14.078845
angle = -1.999992
