[data]
Neg = 32
Litros = 3895
x = 655.715148
y = -569.062805
z = 16.771497
angle = -1.800001
