[data]
Neg = 32
Litros = 3482
x = 655.714538
y = -561.006713
z = 16.801496
angle = -1.499979
