[data]
Neg = 5
Litros = 4416
x = -2246.000000
y = -2558.177246
z = 32.285621
angle = -26.200000
