[data]
Neg = 5
Litros = 4816
x = -2247.346679
y = -2560.916259
z = 32.325408
angle = -26.299995
