[data]
Neg = 52
Litros = 1592
x = 611.565490
y = -1507.903930
z = 15.424057
angle = 0.000000
