[data]
Neg = 52
Litros = 4109
x = 611.599853
y = -1518.671630
z = 15.407898
angle = 0.000000
