[data]
Neg = 52
Litros = 3548
x = 600.741821
y = -1507.813598
z = 15.423027
angle = 0.000000
