[data]
Neg = 52
Litros = 4058
x = 600.750305
y = -1518.569335
z = 15.420830
angle = 0.000000
