[data]
Neg = 0
Litros = 5000
x = 0.000000
y = 0.000000
z = 0.000000
angle = 0.000000
