[data]
Neg = 26
Litros = 3895
x = -96.994323
y = -1173.343383
z = 2.803478
angle = -23.600009
