[data]
Neg = 6
Litros = 3733
x = 998.706481
y = -937.391906
z = 42.619693
angle = -81.300003
