[data]
Neg = 26
Litros = 4289
x = -92.459129
y = -1162.746948
z = 2.802953
angle = 160.599945
