[data]
Neg = 24
Litros = 1747
x = 1941.722167
y = -1774.706665
z = 13.930599
angle = 2.499984
