[data]
Neg = 24
Litros = 4090
x = 1941.765014
y = -1778.185424
z = 13.940587
angle = -179.100036
