[data]
Neg = 30
Litros = 4517
x = 1561.878173
y = -1691.266845
z = 6.320621
angle = 90.699996
