[data]
Neg = 30
Litros = 4522
x = 1561.701782
y = -1697.142700
z = 6.360622
angle = -89.599998
