[data]
Neg = 6
Litros = 3854
x = 1001.948730
y = -937.088867
z = 42.629688
angle = 97.099975
