[data]
Neg = 24
Litros = 2097
x = 1941.706176
y = -1770.753906
z = 13.970595
angle = 179.800018
