[data]
Neg = 6
Litros = 3195
x = 1005.670043
y = -936.364318
z = 42.649700
angle = -80.699996
