[data]
x = 868.823120
y = -1653.191894
z = 14.287115
Gramos = 30
Tipo = 0
Max = 45
Casa = 443
Owner = Lisan_John
Regada = 1385824549
