[data]
x = 2057.301269
y = -1626.424804
z = 13.546875
Gramos = 7
Tipo = 0
Max = 21
Casa = 101
Owner = Steve_Keefs
Regada = 1473923805
