[data]
x = 1955.677490
y = -1718.107055
z = 15.968750
Gramos = 0
Tipo = 0
Max = 16
Casa = 103
Owner = Manu_Rivero
Regada = 1473690180
