[data]
x = 2484.987060
y = -1410.952270
z = 28.831811
Gramos = 46
Tipo = 0
Max = 50
Casa = 416
Owner = Checo_Garcia
Regada = 1477781255
