[data]
x = 870.300170
y = -1424.096313
z = 14.490285
Gramos = 15
Tipo = 0
Max = 31
Casa = 369
Owner = Danilo_Oconner
Regada = 1476770569
