[data]
x = 2211.399169
y = -1354.503173
z = 25.653276
Gramos = 22
Tipo = 0
Max = 24
Casa = 323
Owner = Franco_Garribia
Regada = 1475650445
