[data]
x = 2454.064453
y = -1630.289306
z = 13.395717
Gramos = 10
Tipo = 0
Max = 10
Casa = 72
Owner = Mike_Escombro
Regada = 1476247951
