[data]
x = 665.462524
y = -1722.170410
z = 13.620903
Gramos = 3
Tipo = 0
Max = 50
Casa = 372
Owner = Enzo_Olivarez
Regada = 1479701024
