[data]
x = 1167.323242
y = -1215.858032
z = 18.835355
Gramos = 29
Tipo = 0
Max = 32
Casa = 341
Owner = Rodrigo_Mcflay
Regada = 1475752444
