[data]
x = 1990.107299
y = -1668.801025
z = 15.969079
Gramos = 37
Tipo = 0
Max = 50
Casa = 110
Owner = Javier_Snow
Regada = 1478845097
