[data]
x = 1974.159912
y = -1704.885375
z = 15.968750
Gramos = 3
Tipo = 0
Max = 11
Casa = 104
Owner = Vladimir_Koslov
Regada = 1479570176
