[data]
x = 2129.076416
y = -1687.097656
z = 15.085937
Gramos = 11
Tipo = 0
Max = 17
Casa = 129
Owner = Christopher_Smith
Regada = 1479037798
