[data]
x = 1987.255249
y = -1627.710205
z = 15.969072
Gramos = 16
Tipo = 0
Max = 31
Casa = 115
Owner = Reyder_Gomez
Regada = 1479531678
