[data]
x = 1172.367797
y = -1250.142089
z = 15.186985
Gramos = 35
Tipo = 0
Max = 50
Casa = 329
Owner = Jesus_Miguel
Regada = 1479139505
