[data]
x = 735.766845
y = -486.519317
z = 17.335937
Gramos = 16
Tipo = 0
Max = 50
Casa = 232
Owner = Braulyn_Paulino
Regada = 1474994863
