[data]
x = 754.687744
y = -1502.013427
z = 13.566038
Gramos = 7
Tipo = 0
Max = 50
Casa = 401
Owner = Ezequiel_Cambrum
Regada = 1477896987
