[data]
x = 2011.422973
y = -1114.136474
z = 26.261602
Gramos = 14
Tipo = 0
Max = 44
Casa = 168
Owner = Tosko_Depmsey
Regada = 1477338995
