[data]
x = 1853.266601
y = -2009.423217
z = 13.554389
Gramos = 21
Tipo = 0
Max = 50
Casa = 159
Owner = Carl_Eastwood
Regada = 1479471743
