[data]
x = 1913.448974
y = -2023.222045
z = 13.546875
Gramos = 0
Tipo = 0
Max = 3
Casa = 155
Owner = Jhonatan_Gonzalez
Regada = 1475590004
