[data]
x = 2040.236450
y = -1062.206665
z = 25.650810
Gramos = 14
Tipo = 0
Max = 18
Casa = 378
Owner = Tomas_Annicchiarico
Regada = 1476620625
