[data]
x = 851.478332
y = -1697.369995
z = 13.546875
Gramos = 8
Tipo = 0
Max = 8
Casa = 495
Owner = Jere_Bersa
Regada = 1475729810
