[data]
x = 1975.875366
y = -1638.033813
z = 15.968750
Gramos = 43
Tipo = 0
Max = 49
Casa = 116
Owner = Josahandi_Rodriguez
Regada = 1478878178
