[data]
x = 1939.128051
y = -1068.937500
z = 24.418922
Gramos = 0
Tipo = 0
Max = 0
Casa = 431
Owner = Maximo_Hernandez
