[data]
x = 1116.538208
y = -1103.743041
z = 25.562215
Gramos = 21
Tipo = 0
Max = 50
Casa = 345
Owner = Haylander_Rosario
Regada = 1479226221
