[data]
x = 2132.887939
y = -1821.956298
z = 13.557662
Gramos = 4
Tipo = 0
Max = 41
Casa = 59
Owner = Nicolas_Lorenzo
Regada = 1475763387
