[data]
x = 2333.013671
y = -1195.707763
z = 27.976562
Gramos = 36
Tipo = 0
Max = 50
Casa = 395
Owner = Oscar_Rossis
Regada = 1479708159
