[data]
x = 1989.775390
y = -1629.195556
z = 15.969072
Gramos = 14
Tipo = 0
Max = 15
Casa = 119
Owner = Pablo_Dupre
Regada = 1479368439
