[data]
x = 1079.278564
y = -666.520812
z = 113.648437
Gramos = 35
Tipo = 0
Max = 35
Casa = 11
Owner = Arturo_Jose
Regada = 1479567056
