[data]
x = 2322.838623
y = -1793.722167
z = 13.546875
Gramos = 47
Tipo = 0
Max = 50
Casa = 256
Owner = Iva_Contreras
Regada = 1477302242
