[data]
x = 1805.059204
y = -2141.751220
z = 13.546875
Gramos = 3
Tipo = 0
Max = 25
Casa = 261
Owner = Ivankov_Kirilovich
Regada = 1477211716
