[data]
x = 2615.276611
y = -1113.241455
z = 74.908187
Gramos = 33
Tipo = 0
Max = 39
Casa = 284
Owner = Hernan_Rodriguez
Regada = 1477879197
