[data]
x = 2306.913085
y = -1782.785644
z = 13.570466
Gramos = 31
Tipo = 0
Max = 50
Casa = 255
Owner = Tonny_Rodriguez
Regada = 1478840926
