[data]
x = 1853.966430
y = -2015.055786
z = 13.554388
Gramos = 19
Tipo = 0
Max = 50
Casa = 159
Owner = Manuel_Arturo
Regada = 1478395984
