[data]
x = 1953.597778
y = -1668.728027
z = 15.969058
Gramos = 16
Tipo = 0
Max = 38
Casa = 112
Owner = Sean_Mcfly
Regada = 1477405048
