[data]
x = 2572.403320
y = -1066.982055
z = 69.390502
Gramos = 4
Tipo = 0
Max = 41
Casa = 286
Owner = Carmelo_Fernandez
Regada = 1479551090
