[data]
x = 2162.870849
y = -1442.305541
z = 25.539062
Gramos = 39
Tipo = 0
Max = 44
Casa = 320
Owner = Emmet_Kurupt
Regada = 1472112359
