[data]
x = 1970.181762
y = -1638.182617
z = 15.968750
Gramos = 28
Tipo = 0
Max = 40
Casa = 114
Owner = Pablo_Rojas
Regada = 1479110431
