[data]
x = 872.100585
y = -1424.346923
z = 14.488178
Gramos = 7
Tipo = 0
Max = 50
Casa = 371
Owner = Robert_Mcculkin
Regada = 1479390163
