[data]
x = 2484.450927
y = -1376.255493
z = 28.836801
Gramos = 10
Tipo = 0
Max = 48
Casa = 438
Owner = Antonio_Salazar
Regada = 1477363389
