[data]
x = 1093.681152
y = -1362.572631
z = 14.281250
Gramos = 15
Tipo = 0
Max = 18
Casa = 489
Owner = Jean_Block
Regada = 1479140300
