[data]
x = 2477.822753
y = -1398.669799
z = 28.835098
Gramos = 26
Tipo = 0
Max = 50
Casa = 406
Owner = Alex_Fonseca
Regada = 1476952553
