[data]
x = 1974.287475
y = -1679.510986
z = 17.074136
Gramos = 17
Tipo = 0
Max = 25
Casa = 105
Owner = Juan_Campoy
Regada = 1479375424
