[data]
x = 1918.329589
y = -1058.914550
z = 28.090255
Gramos = 1
Tipo = 0
Max = 26
Casa = 429
Owner = Derek_Finnegan
Regada = 1477108339
