[data]
x = 2387.276367
y = -1634.266601
z = 13.477901
Gramos = 24
Tipo = 0
Max = 50
Casa = 75
Owner = Hussein_Falls
Regada = 1479722092
