[data]
x = 2493.736816
y = -1382.673461
z = 28.839008
Gramos = 8
Tipo = 0
Max = 34
Casa = 436
Owner = Jesus_Guerrero
Regada = 1477630978
