[data]
x = 2308.732421
y = -1881.084960
z = 14.242176
Gramos = 2
Tipo = 0
Max = 50
Casa = 203
Owner = Franco_Emanuel
Regada = 1478261781
