[data]
x = 902.409240
y = -1464.409790
z = 14.302145
Gramos = 4
Tipo = 0
Max = 26
Casa = 361
Owner = Jose_Tiesto
Regada = 1474981340
