[data]
x = 1953.763183
y = -1076.913574
z = 24.796701
Gramos = 38
Tipo = 0
Max = 38
Casa = 432
Owner = Edgar_Bengoa
Regada = 1478394794
