[data]
x = 2125.636718
y = -1698.795532
z = 15.085937
Gramos = 0
Tipo = 0
Max = 0
Casa = 131
Owner = Makko_Mabkley
