[data]
x = 898.021545
y = -1517.485961
z = 14.201107
Gramos = 0
Tipo = 0
Max = 50
Casa = 364
Owner = Erick_Brand
Regada = 1479571543
