[data]
x = 1293.046142
y = -1051.728637
z = 30.425676
Gramos = 7
Tipo = 0
Max = 50
Casa = 354
Owner = Brad_Blackwell
Regada = 1479269362
