[data]
x = -621.715515
y = -1081.825195
z = 23.115066
Gramos = 4
Tipo = 0
Max = 38
Casa = 187
Owner = Mckenzie_Mccain
Regada = 1479637181
