[data]
x = 779.922058
y = -1734.543090
z = 12.500000
Gramos = 14
Tipo = 0
Max = 50
Casa = 445
Owner = Agustin_Rolin
Regada = 1475829502
