[data]
x = 2116.546875
y = -1233.336791
z = 25.477230
Gramos = 9
Tipo = 0
Max = 32
Casa = 236
Owner = Brian_Tapia
Regada = 1478960403
