[data]
x = 674.844848
y = -1522.245605
z = 14.858425
Gramos = 25
Tipo = 0
Max = 30
Casa = 388
Owner = Matias_Cuello
Regada = 1478837617
