[data]
x = 2151.378417
y = -1809.416137
z = 13.547534
Gramos = 27
Tipo = 0
Max = 50
Casa = 52
Owner = Juan_Stivens
Regada = 1479652550
