[data]
x = 2307.266845
y = -1788.651245
z = 13.546875
Gramos = 4
Tipo = 0
Max = 46
Casa = 255
Owner = Diego_Granges
Regada = 1478576422
