[data]
x = 1690.845092
y = -2138.489990
z = 13.546875
Gramos = 20
Tipo = 0
Max = 50
Casa = 271
Owner = Cristian_Cortes
Regada = 1479193532
