[data]
x = 2027.430541
y = -1714.533813
z = 13.554681
Gramos = 45
Tipo = 0
Max = 50
Casa = 91
Owner = Trujillo_Rodrigez
Regada = 1479643556
