[data]
x = 2102.753906
y = -1184.823974
z = 26.054687
Gramos = 0
Tipo = 0
Max = 50
Casa = 226
Owner = Fernando_Mercado
Regada = 1479310633
