[data]
x = 2469.422363
y = -1633.000000
z = 13.406764
Gramos = 1
Tipo = 0
Max = 50
Casa = 71
Owner = Agustin_Planas
Regada = 1479577820
