[data]
x = 1917.655151
y = -2035.081176
z = 13.546875
Gramos = 50
Tipo = 0
Max = 50
Casa = 201
Owner = Rocko_Eastwood
Regada = 1479608726
