[data]
x = 1165.509155
y = -1216.928466
z = 18.620452
Gramos = 14
Tipo = 0
Max = 33
Casa = 341
Owner = Martin_Pirez
Regada = 1479373161
