[data]
x = 1972.170043
y = -1636.972778
z = 15.968750
Gramos = 6
Tipo = 0
Max = 6
Casa = 115
Owner = Lina_Isamarhs
Regada = 1479171775
