[data]
x = 649.950439
y = -1128.801879
z = 44.235763
Gramos = 12
Tipo = 0
Max = 27
Casa = 32
Owner = Ruben_Galindo
Regada = 1479691677
