[data]
x = 2752.423583
y = -1973.294555
z = 17.320312
Gramos = 0
Tipo = 0
Max = 23
Casa = 464
Owner = Jhonny_Lewis
Regada = 1479458393
