[data]
x = 766.275817
y = -1718.575561
z = 12.500000
Gramos = 6
Tipo = 0
Max = 7
Casa = 446
Owner = Robert_Garcia
Regada = 1479546481
