[data]
x = 2470.348632
y = -1118.907348
z = 43.894187
Gramos = 13
Tipo = 0
Max = 13
Casa = 289
Owner = Kevin_Uchihaa
Regada = 1479544636
