[data]
x = 2407.155029
y = -1688.319702
z = 13.696983
Gramos = 22
Tipo = 0
Max = 50
Casa = 74
Owner = Emily_Galvez
Regada = 1479671569
