[data]
x = 2467.325683
y = -1121.116699
z = 43.901618
Gramos = 9
Tipo = 0
Max = 10
Casa = 289
Owner = Maxi_Amadeo
Regada = 1479468854
