[data]
x = -755.761535
y = -2070.730712
z = 8.388847
Gramos = 2
Tipo = 1
