[data]
x = 810.347045
y = -489.644317
z = 17.335937
Gramos = 6
Tipo = 0
Max = 46
Casa = 235
Owner = Alberto_Esparza
Regada = 1472041972
