[data]
x = -718.618530
y = -2026.670043
z = 7.116065
Gramos = 70
Tipo = 1
Regada = 1382455149
