[data]
x = -718.231689
y = -2030.664306
z = 7.058008
Gramos = 70
Tipo = 1
Regada = 1382447877
