[data]
x = -717.959472
y = -2035.374267
z = 7.134157
Gramos = 70
Tipo = 1
Max = 13
Casa = 491
Owner = Nicolay_Bolton
Regada = 1478681874
