[data]
x = 2485.345458
y = -1424.231933
z = 28.840372
Gramos = 8
Tipo = 0
Max = 50
Casa = 419
Owner = Jack_Lamota
Regada = 1473820672
