[data]
x = 1713.302124
y = -2088.109375
z = 13.546875
Gramos = 29
Tipo = 0
Max = 50
Casa = 269
Owner = Jesus_Albert
Regada = 1479400173
