[data]
x = 2322.767333
y = -1798.610229
z = 13.546875
Gramos = 29
Tipo = 0
Max = 29
Casa = 256
Owner = Facundo_Ayala
Regada = 1473246948
