[data]
x = -717.762939
y = -2039.888061
z = 7.160171
Gramos = 70
Tipo = 1
Regada = 1382447840
