[data]
x = 479.144165
y = -1154.911010
z = 71.631629
Gramos = 3
Tipo = 0
Max = 50
Casa = 242
Owner = Manuel_Baldonedo
Regada = 1479390853
