[data]
x = 2248.771728
y = -1437.127441
z = 25.626308
Gramos = 0
Tipo = 0
Max = 12
Casa = 450
Owner = Dino_Marques
