[data]
x = -717.083984
y = -2044.318237
z = 7.541294
Gramos = 70
Tipo = 1
Regada = 1382447836
