[data]
x = 2249.817626
y = -1457.717529
z = 24.016300
Gramos = 10
Tipo = 0
Max = 50
Casa = 405
Owner = Pancho_Marquez
Regada = 1476284174
