[data]
x = -717.965881
y = -2049.781005
z = 6.763906
Gramos = 70
Tipo = 1
Regada = 1382447831
