[data]
x = 1131.451538
y = -1055.539184
z = 29.894088
Gramos = 0
Tipo = 0
Max = 50
Casa = 348
Owner = Jatniel_Martinez
Regada = 1478601901
