[data]
x = 2179.273193
y = -1354.577880
z = 25.555042
Gramos = 5
Tipo = 0
Max = 5
Casa = 322
Owner = Joniel_Diaz
Regada = 1473038777
