[data]
x = -720.948913
y = -2054.761230
z = 6.461551
Gramos = 70
Tipo = 1
Regada = 1382447826
