[data]
x = 1056.334228
y = -657.493103
z = 120.110549
Gramos = 33
Tipo = 0
Max = 50
Casa = 12
Owner = Jairo_Castaneda
Regada = 1474205892
