[data]
x = 320.597534
y = -1753.605712
z = 4.527657
Gramos = 44
Tipo = 0
Max = 50
Casa = 196
Owner = Juampi_Kovac
Regada = 1474346265
