[data]
x = -725.217712
y = -2058.071289
z = 6.417488
Gramos = 70
Tipo = 1
Regada = 1382447822
