[data]
x = 2116.107666
y = -1265.892578
z = 25.492176
Gramos = 42
Tipo = 0
Max = 50
Casa = 191
Owner = Matias_Ceballos
Regada = 1475300528
