[data]
x = 1449.594726
y = -608.816833
z = 89.112121
Gramos = 46
Tipo = 0
Max = 50
Casa = 9
Owner = Carlos_Huertas
Regada = 1478271860
