[data]
x = 2034.156860
y = -1627.549926
z = 13.554683
Gramos = 0
Tipo = 0
Max = 0
Casa = 98
Owner = Jack_Miguel
