[data]
x = 2250.048095
y = -1404.877685
z = 24.000000
Gramos = 2
Tipo = 0
Max = 50
Casa = 327
Owner = Elvis_Zanchez
Regada = 1475377457
