[data]
x = 2377.281005
y = -1685.265625
z = 13.612998
Gramos = 11
Tipo = 0
Max = 50
Casa = 78
Owner = Marcos_Ezequiel
Regada = 1479700739
