[data]
x = 2488.919677
y = -1282.389526
z = 31.789051
Gramos = 1
Tipo = 0
Max = 50
Casa = 304
Owner = Mateo_Quintero
Regada = 1473422161
