[data]
x = 2688.874755
y = -1978.536010
z = 13.546875
Gramos = 44
Tipo = 0
Max = 50
Casa = 468
Owner = Alexander_Herrera
Regada = 1474884306
