[data]
x = 173.125274
y = -1763.282348
z = 6.796875
Gramos = 16
Tipo = 0
Max = 16
Casa = 224
Owner = Lorraine_Baines
Regada = 1479296170
