[data]
x = 1966.425903
y = -1705.318847
z = 15.968750
Gramos = 9
Tipo = 0
Max = 50
Casa = 103
Owner = Kuroko_Taiga
Regada = 1475145790
