[data]
x = 2157.317626
y = -1474.898925
z = 25.539062
Gramos = 17
Tipo = 0
Max = 50
Casa = 317
Owner = Gonzalo_Smith
Regada = 1472917394
