[data]
x = 2143.013183
y = -1464.005737
z = 25.539062
Gramos = 41
Tipo = 0
Max = 50
Casa = 317
Owner = Jonathan_Barreiro
Regada = 1475991695
