[data]
x = 1194.201782
y = -1093.181518
z = 25.822513
Gramos = 11
Tipo = 0
Max = 50
Casa = 350
Owner = Sabrina_Stagliano
Regada = 1473577873
