[data]
x = 2255.042724
y = -1458.939697
z = 24.020956
Gramos = 25
Tipo = 0
Max = 25
Casa = 405
Owner = Freddy_Mccarter
Regada = 1390553735
