[data]
x = 789.554199
y = -755.745849
z = 75.241989
Gramos = 21
Tipo = 0
Max = 21
Casa = 18
Owner = Andres_Blanco
Regada = 1474375749
