[data]
x = 1920.206176
y = -2041.046752
z = 13.546875
Gramos = 11
Tipo = 0
Max = 17
Casa = 156
Owner = Abdul_Alim
Regada = 1476194705
