[data]
x = 893.791381
y = -1445.139282
z = 12.637305
Gramos = 10
Tipo = 0
Max = 50
Casa = 360
Owner = Kirah_Isamarhs
Regada = 1479687924
