[data]
x = 2446.826416
y = -1704.306274
z = 13.544198
Gramos = 15
Tipo = 0
Max = 15
Casa = 64
Owner = Maxi_Cabral
Regada = 1477578513
