[data]
x = 1833.652954
y = -2014.447875
z = 13.546875
Gramos = 15
Tipo = 0
Max = 50
Casa = 154
Owner = Ryan_Kurupt
Regada = 1474278356
