[data]
x = -779.616699
y = -2041.978149
z = 6.661445
Gramos = 70
Tipo = 1
Regada = 1382447775
