[data]
x = 2579.850830
y = -1023.699890
z = 69.867263
Gramos = 49
Tipo = 0
Max = 50
Casa = 296
Owner = Rodrigo_Alan
Regada = 1473228089
