[data]
x = -783.279113
y = -2038.307373
z = 6.663486
Gramos = 70
Tipo = 1
Regada = 1382447780
