[data]
x = 2313.009521
y = -1702.045288
z = 14.328125
Gramos = 18
Tipo = 0
Max = 50
Casa = 83
Owner = Jin_Yagami
Regada = 1475727836
