[data]
x = 699.118347
y = -1430.759277
z = 13.811449
Gramos = 48
Tipo = 0
Max = 50
Casa = 198
Owner = Nicolas_Roncero
Regada = 1478739755
