[data]
x = 1912.388305
y = -2007.531372
z = 13.546875
Gramos = 48
Tipo = 0
Max = 50
Casa = 153
Owner = Jerry_Frank
Regada = 1479559565
