[data]
x = 305.010711
y = -1348.701660
z = 53.341445
Gramos = 2
Tipo = 0
Max = 50
Casa = 36
Owner = Papo_Valdez
Regada = 1472141721
