[data]
x = 2163.488525
y = -1675.287231
z = 15.085927
Gramos = 4
Tipo = 0
Max = 50
Casa = 126
Owner = Gonza_Kolt
Regada = 1473664736
