[data]
x = -797.359008
y = -2024.167358
z = 6.550003
Gramos = 70
Tipo = 1
Regada = 1382447787
