[data]
x = -800.165283
y = -2021.250610
z = 6.465423
Gramos = 70
Tipo = 1
Regada = 1382447791
