[data]
x = -803.129516
y = -2018.114990
z = 6.364528
Gramos = 70
Tipo = 1
Regada = 1382447796
