[data]
x = 2179.063476
y = -1830.210937
z = 16.147472
Gramos = 28
Tipo = 0
Max = 28
Casa = 56
Owner = Luis_Ramos
Regada = 1473312910
