[data]
x = 2102.771972
y = -1129.440551
z = 26.724966
Gramos = 9
Tipo = 0
Max = 50
Casa = 225
Owner = Carlos_Villareal
Regada = 1479622202
