[data]
x = -707.612304
y = -2151.552001
z = 24.191375
Gramos = 70
Tipo = 1
Regada = 1382447916
