[data]
x = -703.346008
y = -2150.774902
z = 24.237411
Gramos = 70
Tipo = 1
Regada = 1382447912
