[data]
x = -699.375061
y = -2149.568115
z = 24.312801
Gramos = 70
Tipo = 1
Regada = 1382447922
