[data]
x = -696.060058
y = -2149.350097
z = 24.322605
Gramos = 70
Tipo = 1
Regada = 1382447934
