[data]
x = 1096.744384
y = -1054.379150
z = 30.720390
Gramos = 25
Tipo = 0
Max = 25
Casa = 346
Owner = Eduardo_Figueira
Regada = 1473942634
