[data]
x = 2535.233398
y = -1660.985961
z = 15.210144
Gramos = 44
Tipo = 0
Max = 50
Casa = 67
Owner = Jhonny_Muller
Regada = 1478297191
