[data]
x = -689.926025
y = -2151.874023
z = 24.146120
Gramos = 70
Tipo = 1
Regada = 1382447943
