[data]
x = -692.864624
y = -2151.727539
z = 24.157905
Gramos = 70
Tipo = 1
Regada = 1382447939
