[data]
x = -696.320251
y = -2151.554687
z = 24.174613
Gramos = 70
Tipo = 1
Regada = 1382442788
