[data]
x = 1940.456909
y = -1061.216552
z = 24.416864
Gramos = 5
Tipo = 0
Max = 32
Casa = 431
Owner = Lucas_Hernandez
Regada = 1476682478
