[data]
x = 882.015808
y = -1518.138916
z = 14.115101
Gramos = 12
Tipo = 0
Max = 12
Casa = 365
Owner = Angel_Rubino
Regada = 1473991107
