[data]
x = 2558.015136
y = -1032.842895
z = 69.570426
Gramos = 9
Tipo = 0
Max = 50
Casa = 294
Owner = Gonzalo_Rivero
Regada = 1477036776
