[data]
x = 2524.113769
y = -1637.475585
z = 14.029184
Gramos = 5
Tipo = 0
Max = 9
Casa = 68
Owner = Javier_Tejero
Regada = 1473688978
