[data]
x = 2470.773193
y = -1391.838256
z = 28.833398
Gramos = 7
Tipo = 0
Max = 7
Casa = 408
Owner = Oscar_Jhonsons
Regada = 1479702427
