[data]
x = 2178.678222
y = -1358.084228
z = 25.555130
Gramos = 8
Tipo = 0
Max = 8
Casa = 322
Owner = Cristal_Busto
Regada = 1475754742
