[data]
x = 2341.381347
y = -1936.666625
z = 13.572788
Gramos = 0
Tipo = 0
Max = 22
Casa = 211
Owner = Santiago_Jaramillo
Regada = 1476423607
