[data]
x = 2521.071533
y = -1671.039916
z = 14.895833
Gramos = 48
Tipo = 0
Max = 50
Casa = 66
Owner = Sower_Calderone
Regada = 1479181025
