[data]
x = 1177.735229
y = -1060.806518
z = 30.063995
Gramos = 15
Tipo = 0
Max = 50
Casa = 349
Owner = Jorge_Huertas
Regada = 1478219119
