[data]
x = 2608.897705
y = -1074.304931
z = 69.597587
Gramos = 4
Tipo = 0
Max = 16
Casa = 281
Owner = Emanuel_Alarcon
Regada = 1474373218
