[data]
x = 710.199340
y = -1083.051269
z = 49.421875
Gramos = 34
Tipo = 0
Max = 50
Casa = 31
Owner = Dimitry_Kalashnikov
Regada = 1479690833
