[data]
x = 748.093750
y = -1460.412475
z = 8.620553
Gramos = 4
Tipo = 0
Max = 25
Casa = 198
Owner = Valerio_Disel
Regada = 1473592886
