[data]
x = 2446.561279
y = -1703.485839
z = 13.511734
Gramos = 0
Tipo = 0
Max = 50
Casa = 64
Owner = Javier_Basualdo
Regada = 1478703119
