[data]
x = 898.013122
y = -1515.567260
z = 14.277494
Gramos = 4
Tipo = 0
Max = 31
Casa = 364
Owner = Brad_Horton
Regada = 1475070958
