[data]
x = 1948.047485
y = -1071.708862
z = 24.796701
Gramos = 9
Tipo = 0
Max = 9
Casa = 432
Owner = Rafaelle_Cacciatore
Regada = 1473741132
