[data]
x = 258.170532
y = -1270.003417
z = 78.178070
Gramos = 28
Tipo = 0
Max = 28
Casa = 41
Owner = Samix_Parker
Regada = 1477550429
