[data]
x = 563.663696
y = -1097.965698
z = 69.951286
Gramos = 12
Tipo = 0
Max = 12
Casa = 89
Owner = Julio_Koslovish
Regada = 1476700535
