[data]
x = 1935.511108
y = -1096.416259
z = 26.280641
Gramos = 18
Tipo = 0
Max = 43
Casa = 167
Owner = Sara_Martin
Regada = 1475970846
