[data]
x = 2489.734619
y = -1983.296752
z = 13.546875
Gramos = 4
Tipo = 0
Max = 26
Casa = 473
Owner = Franco_Robilar
Regada = 1478612309
