[data]
x = 483.969421
y = -1114.602172
z = 82.359375
Gramos = 13
Tipo = 0
Max = 50
Casa = 88
Owner = Marcos_Entenza
Regada = 1478157476
