[data]
x = 2458.393066
y = -1983.168701
z = 13.546875
Gramos = 27
Tipo = 0
Max = 27
Casa = 475
Owner = Lautaro_Martinez
Regada = 1475593524
