[data]
x = 2200.633300
y = -1493.342651
z = 25.539062
Gramos = 8
Tipo = 0
Max = 50
Casa = 312
Owner = Mackenly_Carrasco
Regada = 1478589917
