[data]
x = 889.291259
y = -1516.622802
z = 14.184123
Gramos = 12
Tipo = 0
Max = 17
Casa = 364
Owner = Agustin_Pelassa
Regada = 1474336778
