[data]
x = 2750.520019
y = -1419.688964
z = 39.373050
Gramos = 4
Tipo = 0
Max = 19
Casa = 481
Owner = Abby_Williams
Regada = 1476620753
