[data]
x = 1955.900146
y = -1704.927124
z = 15.969491
Gramos = 27
Tipo = 0
Max = 50
Casa = 103
Owner = Austin_Price
Regada = 1475568297
