[data]
x = 2051.539306
y = -1041.683349
z = 26.321632
Gramos = 4
Tipo = 0
Max = 15
Casa = 377
Owner = Dark_Silva
Regada = 1479606178
