[data]
x = 2470.347656
y = -1410.598632
z = 28.833709
Gramos = 17
Tipo = 0
Max = 38
Casa = 424
Owner = Jay_Groswer
Regada = 1475660585
