[data]
x = 2484.646240
y = -1432.276489
z = 28.843750
Gramos = 8
Tipo = 0
Max = 36
Casa = 419
Owner = Daniel_Cerven
Regada = 1475056702
