[data]
x = 2424.812500
y = -74.252540
z = 27.476562
Gramos = 11
Tipo = 0
Max = 46
Casa = 486
Owner = Joan_Gomenzoro
Regada = 1476373332
