[data]
x = 2422.285400
y = -1308.835205
z = 25.530353
Gramos = 3
Tipo = 0
Max = 32
Casa = 308
Owner = Rafa_Casanova
Regada = 1475460753
