[data]
x = -688.714538
y = 931.635070
z = 13.632802
Gramos = 4
Tipo = 0
Max = 49
Casa = 241
Owner = Milan_Carleone
Regada = 1478411557
