[data]
x = 2175.847412
y = -1415.912475
z = 25.539062
Gramos = 25
Tipo = 0
Max = 36
Casa = 318
Owner = Gabriel_Zapata
Regada = 1475738889
