[data]
x = 2081.547607
y = -1024.425903
z = 34.406288
Gramos = 29
Tipo = 0
Max = 29
Casa = 184
Owner = Deybin_Stoch
Regada = 1475318212
