[data]
x = 2170.167480
y = -1709.003173
z = 15.373617
Gramos = 0
Tipo = 0
Max = 50
Casa = 135
Owner = Carlos_Rivas
Regada = 1474792528
