[data]
x = 1955.332275
y = -1679.688110
z = 15.969493
Gramos = 3
Tipo = 0
Max = 39
Casa = 107
Owner = Marcos_Paez
Regada = 1476415176
