[data]
x = 2559.689697
y = -1209.322509
z = 54.531250
Gramos = 9
Tipo = 0
Max = 37
Casa = 305
Owner = Daniel_Murillo
Regada = 1478768111
