[data]
x = 1853.432006
y = -2115.379882
z = 15.168313
Gramos = 20
Tipo = 0
Max = 50
Casa = 145
Owner = Nicolas_Jaramillo
Regada = 1478347289
