[data]
x = 2463.763916
y = -1365.849365
z = 28.828247
Gramos = 20
Tipo = 0
Max = 50
Casa = 440
Owner = Steven_Mcdoling
Regada = 1477548266
