[data]
x = 2051.389648
y = -1704.458740
z = 13.546875
Gramos = 12
Tipo = 0
Max = 50
Casa = 93
Owner = Roland_Duban
Regada = 1476505270
