[data]
x = 2316.542236
y = -1282.759399
z = 27.984470
Gramos = 13
Tipo = 0
Max = 50
Casa = 391
Owner = Michael_Jeffrey
Regada = 1479616695
