[data]
x = 2247.721435
y = -1005.036315
z = 58.657672
Gramos = 19
Tipo = 0
Max = 50
Casa = 175
Owner = Cami_Perazzolli
Regada = 1478687790
