[data]
x = 1838.767333
y = -1985.925170
z = 13.546875
Gramos = 6
Tipo = 0
Max = 50
Casa = 160
Owner = Jorge_Alex
Regada = 1479710252
