[data]
x = 2386.212646
y = -1634.190429
z = 13.479104
Gramos = 0
Tipo = 0
Max = 50
Casa = 75
Owner = Leo_Duarte
Regada = 1478612703
