[data]
x = 1853.812500
y = -2087.325683
z = 15.031250
Gramos = 39
Tipo = 0
Max = 49
Casa = 144
Owner = Gabriel_Silva
Regada = 1478738095
