[data]
x = 955.679504
y = -890.839782
z = 46.404109
Gramos = 10
Tipo = 0
Max = 47
Casa = 457
Owner = Rafa_Cortes
Regada = 1479282273
