[data]
x = 1262.861572
y = -776.979675
z = 95.963134
Gramos = 22
Tipo = 0
Max = 22
Casa = 199
Owner = David_Amaya
Regada = 1476125342
