[data]
x = 273.881072
y = -1751.815185
z = 4.507293
Gramos = 0
Tipo = 0
Max = 6
Casa = 458
Owner = Jonatan_Leandoer
Regada = 1474477278
