[data]
x = 1966.183471
y = -1654.859863
z = 15.968750
Gramos = 6
Tipo = 0
Max = 8
Casa = 112
Owner = Josel_Mayor
Regada = 1478064192
