[data]
x = 894.555297
y = -1478.760375
z = 14.360378
Gramos = 49
Tipo = 0
Max = 50
Casa = 362
Owner = Angel_Peralta
Regada = 1479344850
