[data]
x = -608.487426
y = -1060.911499
z = 23.353973
Gramos = 50
Tipo = 0
Max = 50
Casa = 188
Owner = Johan_Aurinegro
Regada = 1479641624
