[data]
x = 2200.056640
y = -1400.246459
z = 25.539062
Gramos = 18
Tipo = 0
Max = 18
Casa = 321
Owner = Vito_Dempsey
Regada = 1475226539
