[data]
x = 2618.767822
y = -1113.329589
z = 74.935386
Gramos = 4
Tipo = 0
Max = 50
Casa = 284
Owner = Santiago_Perez
Regada = 1478173961
