[data]
x = 2181.443603
y = -1830.543212
z = 16.147472
Gramos = 7
Tipo = 0
Max = 7
Casa = 55
Owner = Pablo_Carmona
Regada = 1475817866
