[data]
x = 754.715209
y = -1522.982666
z = 13.553041
Gramos = 0
Tipo = 0
Max = 23
Casa = 197
Owner = Ryan_Spell
