[data]
x = 2485.354248
y = -1422.918945
z = 28.839729
Gramos = 0
Tipo = 0
Max = 0
Casa = 419
Owner = Sophie_Rouselle
