[data]
Interior = 10
Virtual_world = 146
ID_Casa = 46
Cerrado = false
IntV_x = 424.886688
IntV_y = -95.238403
Int_x = 424.988189
Int_y = -92.087898
Int_z = 1001.942199
Ext_x = 1430.948120
Ext_y = -886.210266
Ext_z = 50.695312
ExtV_x = 1430.967285
ExtV_y = -882.210327
Ang = 179.725173
