[data]
Interior = 10
Virtual_world = 104
ID_Casa = 4
Cerrado = true
IntV_x = 424.886688
IntV_y = -95.238403
Int_x = 424.988189
Int_y = -92.087898
Int_z = 1001.942199
Ext_x = 1463.934326
Ext_y = -905.618408
Ext_z = 54.835937
ExtV_x = 1463.891967
ExtV_y = -901.618652
Ang = 180.607498
