[data]
Interior = 10
Virtual_world = 112
ID_Casa = 12
Cerrado = true
IntV_x = 424.886688
IntV_y = -95.238403
Int_x = 424.988189
Int_y = -92.087898
Int_z = 1001.942199
Ext_x = 1050.657348
Ext_y = -641.970031
Ext_z = 120.117187
ExtV_x = 1049.884887
ExtV_y = -638.045349
Ang = 191.135040
