[data]
Interior = 10
Virtual_world = 467
ID_Casa = 367
Cerrado = false
IntV_x = 424.886688
IntV_y = -95.238403
Int_x = 424.988189
Int_y = -92.087898
Int_z = 1001.942199
Ext_x = 849.892822
Ext_y = -1527.888916
Ext_z = 12.601093
ExtV_x = 853.891174
ExtV_y = -1528.004516
Ang = 88.344673
