[data]
Interior = 10
Virtual_world = 467
ID_Casa = 367
Cerrado = false
IntV_x = 424.886688
IntV_y = -95.238403
Int_x = 424.988189
Int_y = -92.087898
Int_z = 1011.942199
Ext_x = 850.753906
Ext_y = -1512.397583
Ext_z = 12.620676
ExtV_x = 854.752502
ExtV_y = -1512.502929
Ang = 88.490898
