[data]
Interior = 10
Virtual_world = 475
ID_Casa = 375
Cerrado = false
IntV_x = 424.886688
IntV_y = -95.238403
Int_x = 424.988189
Int_y = -92.087898
Int_z = 1001.942199
Ext_x = 688.431823
Ext_y = -1602.774047
Ext_z = 14.100212
ExtV_x = 688.542236
ExtV_y = -1598.775512
Ang = 178.418472
