[data]
Interior = 10
Virtual_world = 378
ID_Casa = 278
Cerrado = false
IntV_x = 424.886688
IntV_y = -95.238403
Int_x = 424.988189
Int_y = -92.087898
Int_z = 1001.942199
Ext_x = 2824.637939
Ext_y = -1196.307739
Ext_z = 25.231922
ExtV_x = 2828.637207
ExtV_y = -1196.385498
Ang = 88.886932
