[data]
Interior = 10
Virtual_world = 378
ID_Casa = 278
Cerrado = false
IntV_x = 424.886688
IntV_y = -95.238403
Int_x = 424.988189
Int_y = -92.087898
Int_z = 1001.942199
Ext_x = 2824.637695
Ext_y = -1201.825439
Ext_z = 25.204973
ExtV_x = 2828.637451
ExtV_y = -1201.771850
Ang = 90.766944
