[data]
Interior = 10
Virtual_world = 448
ID_Casa = 348
Cerrado = false
IntV_x = 424.886688
IntV_y = -95.238403
Int_x = 424.988189
Int_y = -92.087898
Int_z = 1001.942199
Ext_x = 1142.253784
Ext_y = -1061.181884
Ext_z = 29.406141
ExtV_x = 1146.251953
ExtV_y = -1061.062744
Ang = 91.706985
