[data]
Interior = 10
Virtual_world = 449
ID_Casa = 349
Cerrado = false
IntV_x = 424.886688
IntV_y = -95.238403
Int_x = 424.988189
Int_y = -92.087898
Int_z = 1001.942199
Ext_x = 1183.462280
Ext_y = -1067.619873
Ext_z = 29.291212
ExtV_x = 1179.472412
ExtV_y = -1067.903686
Ang = 274.068756
