[data]
Interior = 10
Virtual_world = 450
ID_Casa = 350
Cerrado = true
IntV_x = 424.886688
IntV_y = -95.238403
Int_x = 424.988189
Int_y = -92.087898
Int_z = 1001.942199
Ext_x = 1183.025634
Ext_y = -1107.634643
Ext_z = 25.825126
ExtV_x = 1179.042846
ExtV_y = -1107.264648
Ang = 264.692169
