[data]
Interior = 12
Virtual_world = 379
ID_Casa = 279
Cerrado = true
IntV_x = 1256.333007
IntV_y = -862.038513
Int_x = 1256.180541
Int_y = -858.898498
Int_z = 1091.250000
Ext_x = 2824.644287
Ext_y = -1165.098022
Ext_z = 25.270690
ExtV_x = 2828.642089
ExtV_y = -1164.962036
Ang = 91.948326
