[data]
Interior = 12
Virtual_world = 379
ID_Casa = 279
Cerrado = false
IntV_x = 1256.333007
IntV_y = -862.038513
Int_x = 1256.180541
Int_y = -858.898498
Int_z = 1091.250000
Ext_x = 2824.644042
Ext_y = -1170.144775
Ext_z = 25.249740
ExtV_x = 2828.628417
ExtV_y = -1169.790527
Ang = 95.081672
