[data]
Interior = 10
Virtual_world = 112
ID_Casa = 12
Cerrado = true
IntV_x = 424.886688
IntV_y = -95.238403
Int_x = 424.988189
Int_y = -92.087898
Int_z = 1011.942199
Ext_x = 1039.636352
Ext_y = -643.913940
Ext_z = 120.117187
ExtV_x = 1039.057861
ExtV_y = -639.955993
Ang = 188.314987
