[data]
Interior = 10
Virtual_world = 549
ID_Casa = 449
Cerrado = false
IntV_x = 424.886688
IntV_y = -95.238403
Int_x = 424.988189
Int_y = -92.087898
Int_z = 1001.942199
Ext_x = 287.482238
Ext_y = -48.747951
Ext_z = 1.578125
ExtV_x = 287.495056
ExtV_y = -52.747932
Ang = 0.183449
