[data]
Interior = 10
Virtual_world = 322
ID_Casa = 222
Cerrado = true
IntV_x = 424.886688
IntV_y = -95.238403
Int_x = 424.988189
Int_y = -92.087898
Int_z = 1001.942199
Ext_x = 1823.811645
Ext_y = -1537.887573
Ext_z = 13.546875
ExtV_x = 1827.719970
ExtV_y = -1538.739135
Ang = 77.708251
