[data]
Interior = 10
Virtual_world = 460
ID_Casa = 360
Cerrado = true
IntV_x = 424.886688
IntV_y = -95.238403
Int_x = 424.988189
Int_y = -92.087898
Int_z = 1001.942199
Ext_x = 890.643920
Ext_y = -1445.653808
Ext_z = 12.517251
ExtV_x = 890.224243
ExtV_y = -1441.675903
Ang = 186.022750
