[data]
Interior = 10
Virtual_world = 459
ID_Casa = 359
Cerrado = false
IntV_x = 424.886688
IntV_y = -95.238403
Int_x = 424.988189
Int_y = -92.087898
Int_z = 1001.942199
Ext_x = 900.193298
Ext_y = -1454.988159
Ext_z = 12.514554
ExtV_x = 904.137939
ExtV_y = -1454.325073
Ang = 99.541900
