[data]
Interior = 10
Virtual_world = 453
ID_Casa = 353
Cerrado = true
IntV_x = 424.886688
IntV_y = -95.238403
Int_x = 424.988189
Int_y = -92.087898
Int_z = 1001.942199
Ext_x = 1284.817138
Ext_y = -1098.992797
Ext_z = 25.899732
ExtV_x = 1280.827148
ExtV_y = -1099.276123
Ang = 274.060974
