[data]
Interior = 10
Virtual_world = 366
ID_Casa = 266
Cerrado = false
IntV_x = 424.886688
IntV_y = -95.238403
Int_x = 424.988189
Int_y = -92.087898
Int_z = 1001.942199
Ext_x = 1758.373535
Ext_y = -2145.144775
Ext_z = 13.546875
ExtV_x = 1754.374389
ExtV_y = -2145.063964
Ang = 268.841461
