[data]
Interior = 10
Virtual_world = 372
ID_Casa = 272
Cerrado = true
IntV_x = 424.886688
IntV_y = -95.238403
Int_x = 424.988189
Int_y = -92.087898
Int_z = 1001.942199
Ext_x = 1698.844848
Ext_y = -2078.770507
Ext_z = 13.546875
ExtV_x = 1698.857788
ExtV_y = -2082.770507
Ang = 0.184514
