[data]
Interior = 10
Virtual_world = 127
ID_Casa = 27
Cerrado = false
IntV_x = 424.886688
IntV_y = -95.238403
Int_x = 424.988189
Int_y = -92.087898
Int_z = 1001.942199
Ext_x = 2518.832763
Ext_y = -1246.920410
Ext_z = 35.062500
ExtV_x = 2518.613037
ExtV_y = -1250.914428
Ang = 356.851898
