[data]
Interior = 10
Virtual_world = 456
ID_Casa = 356
Cerrado = false
IntV_x = 424.886688
IntV_y = -95.238403
Int_x = 424.988189
Int_y = -92.087898
Int_z = 1001.942199
Ext_x = 1431.879150
Ext_y = -925.624572
Ext_z = 37.508460
ExtV_x = 1430.912109
ExtV_y = -929.505920
Ang = 346.009582
