[data]
Interior = 12
Virtual_world = 113
ID_Casa = 13
Cerrado = true
IntV_x = 1249.989990
IntV_y = -861.597290
Int_x = 1249.975219
Int_y = -858.973022
Int_z = 1091.257080
Ext_x = 1008.694396
Ext_y = -666.191528
Ext_z = 121.140907
ExtV_x = 1006.698303
ExtV_y = -662.725158
Ang = 209.935409
