[data]
Interior = 10
Virtual_world = 463
ID_Casa = 363
Cerrado = true
IntV_x = 424.886688
IntV_y = -95.238403
Int_x = 424.988189
Int_y = -92.087898
Int_z = 1001.942199
Ext_x = 903.391113
Ext_y = -1505.233642
Ext_z = 12.520318
ExtV_x = 907.383300
ExtV_y = -1504.984008
Ang = 93.578186
