[data]
Interior = 12
Virtual_world = 468
ID_Casa = 368
Cerrado = true
IntV_x = 1256.333007
IntV_y = -862.038513
Int_x = 1256.180541
Int_y = -858.898498
Int_z = 1091.250000
Ext_x = 816.631469
Ext_y = -1470.347167
Ext_z = 12.616539
ExtV_x = 816.272888
ExtV_y = -1474.331054
Ang = 354.856811
