[data]
Interior = 10
Virtual_world = 447
ID_Casa = 347
Cerrado = false
IntV_x = 424.886688
IntV_y = -95.238403
Int_x = 424.988189
Int_y = -92.087898
Int_z = 1011.942199
Ext_x = 1142.120971
Ext_y = -1101.486328
Ext_z = 25.810611
ExtV_x = 1146.116699
ExtV_y = -1101.300659
Ang = 92.660980
