[data]
Interior = 10
Virtual_world = 447
ID_Casa = 347
Cerrado = false
IntV_x = 424.886688
IntV_y = -95.238403
Int_x = 424.988189
Int_y = -92.087898
Int_z = 1001.942199
Ext_x = 1137.264770
Ext_y = -1085.401489
Ext_z = 25.859096
ExtV_x = 1137.642333
ExtV_y = -1081.419311
Ang = 174.583099
