[data]
Interior = 10
Virtual_world = 403
ID_Casa = 303
Cerrado = true
IntV_x = 424.886688
IntV_y = -95.238403
Int_x = 424.988189
Int_y = -92.087898
Int_z = 1001.942199
Ext_x = 2528.837646
Ext_y = -1198.002685
Ext_z = 56.784126
ExtV_x = 2528.923339
ExtV_y = -1194.003662
Ang = 178.773468
