[data]
Interior = 10
Virtual_world = 405
ID_Casa = 305
Cerrado = true
IntV_x = 424.886688
IntV_y = -95.238403
Int_x = 424.988189
Int_y = -92.087898
Int_z = 1001.942199
Ext_x = 2558.415039
Ext_y = -1197.525146
Ext_z = 60.996692
ExtV_x = 2558.619384
ExtV_y = -1193.530395
Ang = 177.070495
