[data]
Interior = 10
Virtual_world = 449
ID_Casa = 349
Cerrado = true
IntV_x = 424.886688
IntV_y = -95.238403
Int_x = 424.988189
Int_y = -92.087898
Int_z = 1011.942199
Ext_x = 1188.229370
Ext_y = -1083.599853
Ext_z = 29.266380
ExtV_x = 1188.161865
ExtV_y = -1087.599243
Ang = 359.033081
