[data]
Interior = 10
Virtual_world = 364
ID_Casa = 264
Cerrado = false
IntV_x = 424.886688
IntV_y = -95.238403
Int_x = 424.988189
Int_y = -92.087898
Int_z = 1001.942199
Ext_x = 1784.272705
Ext_y = -2081.489257
Ext_z = 13.546875
ExtV_x = 1788.263427
ExtV_y = -2081.760986
Ang = 86.104804
