[data]
Interior = 10
Virtual_world = 418
ID_Casa = 318
Cerrado = false
IntV_x = 424.886688
IntV_y = -95.238403
Int_x = 424.988189
Int_y = -92.087898
Int_z = 1001.942199
Ext_x = 2186.325927
Ext_y = -1414.637207
Ext_z = 25.539062
ExtV_x = 2190.323730
ExtV_y = -1414.506835
Ang = 91.868186
