[data]
Interior = 10
Virtual_world = 347
ID_Casa = 247
Cerrado = true
IntV_x = 424.886688
IntV_y = -95.238403
Int_x = 424.988189
Int_y = -92.087898
Int_z = 1011.942199
Ext_x = 859.798217
Ext_y = -1423.390502
Ext_z = 12.272080
ExtV_x = 859.319458
ExtV_y = -1419.419311
Ang = 186.873840
