[data]
Interior = 12
Virtual_world = 113
ID_Casa = 13
Cerrado = true
IntV_x = 1256.333007
IntV_y = -862.038513
Int_x = 1256.180541
Int_y = -858.898498
Int_z = 1091.250000
Ext_x = 1013.564880
Ext_y = -663.171142
Ext_z = 121.136978
ExtV_x = 1011.437561
ExtV_y = -659.783691
Ang = 212.128738
