[data]
Interior = 10
Virtual_world = 473
ID_Casa = 373
Cerrado = false
IntV_x = 424.886688
IntV_y = -95.238403
Int_x = 424.988189
Int_y = -92.087898
Int_z = 1001.942199
Ext_x = 657.222656
Ext_y = -1657.229980
Ext_z = 14.402720
ExtV_x = 653.223022
ExtV_y = -1657.286010
Ang = 270.802917
