[data]
Interior = 10
Virtual_world = 497
ID_Casa = 397
Cerrado = true
IntV_x = 424.886688
IntV_y = -95.238403
Int_x = 424.988189
Int_y = -92.087898
Int_z = 1001.942199
Ext_x = 2486.457031
Ext_y = -1244.772338
Ext_z = 31.495426
ExtV_x = 2486.406250
ExtV_y = -1248.771972
Ang = 359.271545
