[data]
Interior = 10
Virtual_world = 489
ID_Casa = 389
Cerrado = true
IntV_x = 424.886688
IntV_y = -95.238403
Int_x = 424.988189
Int_y = -92.087898
Int_z = 1001.942199
Ext_x = 2466.394042
Ext_y = -1244.803344
Ext_z = 26.058286
ExtV_x = 2466.516601
ExtV_y = -1248.801513
Ang = 1.756579
