[data]
Interior = 10
Virtual_world = 308
ID_Casa = 208
Cerrado = false
IntV_x = 424.886688
IntV_y = -95.238403
Int_x = 424.988189
Int_y = -92.087898
Int_z = 1001.942199
Ext_x = 2238.219482
Ext_y = -1927.443847
Ext_z = 12.274986
ExtV_x = 2238.476806
ExtV_y = -1931.435546
Ang = 3.689924
