[data]
Interior = 10
Virtual_world = 468
ID_Casa = 368
Cerrado = true
IntV_x = 424.886688
IntV_y = -95.238403
Int_x = 424.988189
Int_y = -92.087898
Int_z = 1001.942199
Ext_x = 833.421569
Ext_y = -1471.022460
Ext_z = 12.585659
ExtV_x = 833.035278
ExtV_y = -1475.003784
Ang = 354.458526
