[data]
Interior = 10
Virtual_world = 468
ID_Casa = 368
Cerrado = true
IntV_x = 424.886688
IntV_y = -95.238403
Int_x = 424.988189
Int_y = -92.087898
Int_z = 1011.942199
Ext_x = 826.452331
Ext_y = -1470.731445
Ext_z = 12.601799
ExtV_x = 826.105285
ExtV_y = -1474.716308
Ang = 355.022521
