[data]
Interior = 12
Virtual_world = 468
ID_Casa = 368
Cerrado = false
IntV_x = 1249.989990
IntV_y = -861.597290
Int_x = 1249.975219
Int_y = -858.973022
Int_z = 1091.257080
Ext_x = 822.120605
Ext_y = -1470.565917
Ext_z = 12.608776
ExtV_x = 821.514526
ExtV_y = -1474.519775
Ang = 351.284790
