[data]
Interior = 10
Virtual_world = 302
ID_Casa = 202
Cerrado = false
IntV_x = 424.886688
IntV_y = -95.238403
Int_x = 424.988189
Int_y = -92.087898
Int_z = 1001.942199
Ext_x = 651.751953
Ext_y = -1474.180053
Ext_z = 14.851552
ExtV_x = 647.752563
ExtV_y = -1474.248779
Ang = 270.983612
