[data]
Interior = 10
Virtual_world = 302
ID_Casa = 202
Cerrado = true
IntV_x = 424.886688
IntV_y = -95.238403
Int_x = 424.988189
Int_y = -92.087898
Int_z = 1011.942199
Ext_x = 651.751831
Ext_y = -1466.538330
Ext_z = 14.851552
ExtV_x = 647.753295
ExtV_y = -1466.646362
Ang = 271.547607
