[data]
Interior = 10
Virtual_world = 488
ID_Casa = 388
Cerrado = true
IntV_x = 424.886688
IntV_y = -95.238403
Int_x = 424.988189
Int_y = -92.087898
Int_z = 1001.942199
Ext_x = 651.752502
Ext_y = -1521.273559
Ext_z = 14.851552
ExtV_x = 647.753295
ExtV_y = -1521.192993
Ang = 268.845733
