[data]
Interior = 10
Virtual_world = 115
ID_Casa = 15
Cerrado = true
IntV_x = 424.886688
IntV_y = -95.238403
Int_x = 424.988189
Int_y = -92.087898
Int_z = 1001.942199
Ext_x = 907.885192
Ext_y = -662.348388
Ext_z = 116.890441
ExtV_x = 911.145324
ExtV_y = -664.666015
Ang = 54.590675
