[data]
Interior = 10
Virtual_world = 488
ID_Casa = 388
Cerrado = false
IntV_x = 424.886688
IntV_y = -95.238403
Int_x = 424.988189
Int_y = -92.087898
Int_z = 1011.942199
Ext_x = 651.752563
Ext_y = -1513.689086
Ext_z = 14.851552
ExtV_x = 647.752685
ExtV_y = -1513.661010
Ang = 269.597747
