[data]
Interior = 10
Virtual_world = 500
ID_Casa = 400
Cerrado = false
IntV_x = 424.886688
IntV_y = -95.238403
Int_x = 424.988189
Int_y = -92.087898
Int_z = 1011.942199
Ext_x = 659.572998
Ext_y = -1424.807128
Ext_z = 14.851552
ExtV_x = 660.192871
ExtV_y = -1420.855468
Ang = 171.084686
