[data]
Interior = 10
Virtual_world = 451
ID_Casa = 351
Cerrado = false
IntV_x = 424.886688
IntV_y = -95.238403
Int_x = 424.988189
Int_y = -92.087898
Int_z = 1001.942199
Ext_x = 1242.393920
Ext_y = -1067.767822
Ext_z = 29.163795
ExtV_x = 1246.391723
ExtV_y = -1067.901977
Ang = 88.078147
