[data]
Interior = 10
Virtual_world = 102
ID_Casa = 2
Cerrado = false
IntV_x = 424.886688
IntV_y = -95.238403
Int_x = 424.988189
Int_y = -92.087898
Int_z = 1001.942199
Ext_x = -1979.048461
Ext_y = 426.907714
Ext_z = 24.614521
ExtV_x = -1979.070556
ExtV_y = 430.907653
Ang = 180.316528
