[data]
Interior = 10
Virtual_world = 446
ID_Casa = 346
Cerrado = true
IntV_x = 424.886688
IntV_y = -95.238403
Int_x = 424.988189
Int_y = -92.087898
Int_z = 1011.942199
Ext_x = 1102.727783
Ext_y = -1060.776977
Ext_z = 29.508436
ExtV_x = 1098.730468
ExtV_y = -1060.923095
Ang = 272.093994
