[data]
Interior = 10
Virtual_world = 462
ID_Casa = 362
Cerrado = true
IntV_x = 424.886688
IntV_y = -95.238403
Int_x = 424.988189
Int_y = -92.087898
Int_z = 1001.942199
Ext_x = 890.952148
Ext_y = -1472.796142
Ext_z = 12.488554
ExtV_x = 890.491333
ExtV_y = -1476.769531
Ang = 353.384185
