[data]
Interior = 10
Virtual_world = 360
ID_Casa = 260
Cerrado = false
IntV_x = 424.886688
IntV_y = -95.238403
Int_x = 424.988189
Int_y = -92.087898
Int_z = 1011.942199
Ext_x = 2395.363281
Ext_y = -1786.129638
Ext_z = 13.546875
ExtV_x = 2399.363037
ExtV_y = -1786.175537
Ang = 89.342575
