[data]
Interior = 10
Virtual_world = 466
ID_Casa = 366
Cerrado = false
IntV_x = 424.886688
IntV_y = -95.238403
Int_x = 424.988189
Int_y = -92.087898
Int_z = 1011.942199
Ext_x = 875.253723
Ext_y = -1505.378540
Ext_z = 12.635285
ExtV_x = 871.255859
ExtV_y = -1505.248535
Ang = 268.137542
