[data]
Interior = 10
Virtual_world = 515
ID_Casa = 415
Cerrado = true
IntV_x = 424.886688
IntV_y = -95.238403
Int_x = 424.988189
Int_y = -92.087898
Int_z = 1011.942199
Ext_x = 911.226806
Ext_y = -829.887573
Ext_z = 92.037162
ExtV_x = 913.227355
ExtV_y = -833.351318
Ang = 30.009401
