[data]
Interior = 10
Virtual_world = 116
ID_Casa = 16
Cerrado = false
IntV_x = 424.886688
IntV_y = -95.238403
Int_x = 424.988189
Int_y = -92.087898
Int_z = 1001.942199
Ext_x = 863.374328
Ext_y = -715.615417
Ext_z = 105.679687
ExtV_x = 865.073791
ExtV_y = -711.994384
Ang = 154.858200
