[data]
Interior = 12
Virtual_world = 552
ID_Casa = 452
Cerrado = false
IntV_x = 1249.989990
IntV_y = -861.597290
Int_x = 1249.975219
Int_y = -858.973022
Int_z = 1091.257080
Ext_x = 2800.703369
Ext_y = -1101.443603
Ext_z = 30.718750
ExtV_x = 2804.691894
ExtV_y = -1101.139404
Ang = 94.361434
