[data]
Interior = 10
Virtual_world = 552
ID_Casa = 452
Cerrado = false
IntV_x = 424.886688
IntV_y = -95.238403
Int_x = 424.988189
Int_y = -92.087898
Int_z = 1011.942199
Ext_x = 2801.172363
Ext_y = -1074.502075
Ext_z = 30.691341
ExtV_x = 2802.628906
ExtV_y = -1078.227416
Ang = 21.354074
