[data]
Interior = 12
Virtual_world = 553
ID_Casa = 453
Cerrado = false
IntV_x = 1249.989990
IntV_y = -861.597290
Int_x = 1249.975219
Int_y = -858.973022
Int_z = 1091.257080
Ext_x = 388.213928
Ext_y = -1860.458007
Ext_z = 7.835937
ExtV_x = 384.214416
ExtV_y = -1860.395874
Ang = 269.109649
