[data]
Interior = 10
Virtual_world = 564
ID_Casa = 464
Cerrado = false
IntV_x = 424.886688
IntV_y = -95.238403
Int_x = 424.988189
Int_y = -92.087898
Int_z = 1011.942199
Ext_x = 2760.293457
Ext_y = -2003.450439
Ext_z = 13.554677
ExtV_x = 2760.575195
ExtV_y = -1999.460327
Ang = 175.961776
