[data]
Interior = 10
Virtual_world = 564
ID_Casa = 464
Cerrado = false
IntV_x = 424.886688
IntV_y = -95.238403
Int_x = 424.988189
Int_y = -92.087898
Int_z = 1001.942199
Ext_x = 2755.385742
Ext_y = -2003.912353
Ext_z = 13.554677
ExtV_x = 2753.729980
ExtV_y = -2000.271118
Ang = 204.451950
