[data]
Interior = 10
Virtual_world = 565
ID_Casa = 465
Cerrado = false
IntV_x = 424.886688
IntV_y = -95.238403
Int_x = 424.988189
Int_y = -92.087898
Int_z = 1001.942199
Ext_x = 2750.949218
Ext_y = -2003.755981
Ext_z = 13.554677
ExtV_x = 2750.871826
ExtV_y = -1999.756713
Ang = 181.108535
