[data]
Interior = 10
Virtual_world = 566
ID_Casa = 466
Cerrado = false
IntV_x = 424.886688
IntV_y = -95.238403
Int_x = 424.988189
Int_y = -92.087898
Int_z = 1001.942199
Ext_x = 2746.020751
Ext_y = -2004.007934
Ext_z = 13.547199
ExtV_x = 2746.140136
ExtV_y = -2000.009765
Ang = 178.288452
