[data]
Interior = 10
Virtual_world = 567
ID_Casa = 467
Cerrado = true
IntV_x = 424.886688
IntV_y = -95.238403
Int_x = 424.988189
Int_y = -92.087898
Int_z = 1001.942199
Ext_x = 2741.150390
Ext_y = -2004.186157
Ext_z = 13.547199
ExtV_x = 2741.269775
ExtV_y = -2000.187988
Ang = 178.288452
