[data]
Interior = 10
Virtual_world = 577
ID_Casa = 477
Cerrado = false
IntV_x = 424.886688
IntV_y = -95.238403
Int_x = 424.988189
Int_y = -92.087898
Int_z = 1001.942199
Ext_x = 2766.451416
Ext_y = -1615.000488
Ext_z = 10.921875
ExtV_x = 2770.450439
ExtV_y = -1615.092895
Ang = 88.676246
