[data]
Interior = 12
Virtual_world = 330
ID_Casa = 230
Cerrado = false
IntV_x = 1256.333007
IntV_y = -862.038513
Int_x = 1256.180541
Int_y = -858.898498
Int_z = 1091.250000
Ext_x = 2360.003417
Ext_y = 575.338439
Ext_z = 7.781250
ExtV_x = 2360.363281
ExtV_y = 579.322204
Ang = 174.838119
