[data]
Interior = 10
Virtual_world = 117
ID_Casa = 17
Cerrado = true
IntV_x = 424.886688
IntV_y = -95.238403
Int_x = 424.988189
Int_y = -92.087898
Int_z = 1001.942199
Ext_x = 886.179992
Ext_y = -785.222045
Ext_z = 101.293586
ExtV_x = 887.880920
ExtV_y = -781.601684
Ang = 154.835006
