[data]
Interior = 12
Virtual_world = 330
ID_Casa = 230
Cerrado = false
IntV_x = 1249.989990
IntV_y = -861.597290
Int_x = 1249.975219
Int_y = -858.973022
Int_z = 1091.257080
Ext_x = 2352.253906
Ext_y = 575.339050
Ext_z = 7.781250
ExtV_x = 2352.351806
ExtV_y = 579.337829
Ang = 178.598205
