[data]
Interior = 12
Virtual_world = 102
ID_Casa = 2
Cerrado = false
IntV_x = 1249.989990
IntV_y = -861.597290
Int_x = 1249.975219
Int_y = -858.973022
Int_z = 1091.257080
Ext_x = 2824.753662
Ext_y = 973.500549
Ext_z = 10.750000
ExtV_x = 2825.157714
ExtV_y = 969.520996
Ang = 5.795855
