[data]
Interior = 12
Virtual_world = 102
ID_Casa = 2
Cerrado = true
IntV_x = 1256.333007
IntV_y = -862.038513
Int_x = 1256.180541
Int_y = -858.898498
Int_z = 1091.250000
Ext_x = 2803.654052
Ext_y = 973.499877
Ext_z = 10.750000
ExtV_x = 2803.424316
ExtV_y = 969.506469
Ang = 356.709136
