[data]
Interior = 10
Virtual_world = 553
ID_Casa = 453
Cerrado = false
IntV_x = 424.886688
IntV_y = -95.238403
Int_x = 424.988189
Int_y = -92.087898
Int_z = 1011.942199
Ext_x = 987.739074
Ext_y = -1750.560913
Ext_z = 13.508625
ExtV_x = 988.024291
ExtV_y = -1754.550781
Ang = 4.089165
