[data]
Interior = 10
Virtual_world = 586
ID_Casa = 486
Cerrado = false
IntV_x = 424.886688
IntV_y = -95.238403
Int_x = 424.988189
Int_y = -92.087898
Int_z = 1011.942199
Ext_x = 2424.607666
Ext_y = -65.129905
Ext_z = 27.468750
ExtV_x = 2424.367675
ExtV_y = -61.137119
Ang = 183.441406
