[data]
Interior = 10
Virtual_world = 445
ID_Casa = 345
Cerrado = false
IntV_x = 424.886688
IntV_y = -95.238403
Int_x = 424.988189
Int_y = -92.087898
Int_z = 1001.942199
Ext_x = 1102.957397
Ext_y = -1101.194824
Ext_z = 26.034278
ExtV_x = 1098.957885
ExtV_y = -1101.133666
Ang = 269.124359
