[data]
Interior = 10
Virtual_world = 588
ID_Casa = 488
Cerrado = true
IntV_x = 424.886688
IntV_y = -95.238403
Int_x = 424.988189
Int_y = -92.087898
Int_z = 1001.942199
Ext_x = 1028.706909
Ext_y = -1059.459106
Ext_z = 31.592405
ExtV_x = 1028.174560
ExtV_y = -1055.494750
Ang = 187.648880
