[data]
Interior = 10
Virtual_world = 546
ID_Casa = 446
Cerrado = false
IntV_x = 424.886688
IntV_y = -95.238403
Int_x = 424.988189
Int_y = -92.087898
Int_z = 1011.942199
Ext_x = 764.504516
Ext_y = -1722.807617
Ext_z = 8.468227
ExtV_x = 760.570678
ExtV_y = -1723.532104
Ang = 280.434539
