[data]
Interior = 12
Virtual_world = 504
ID_Casa = 404
Cerrado = false
IntV_x = 1249.989990
IntV_y = -861.597290
Int_x = 1249.975219
Int_y = -858.973022
Int_z = 1091.257080
Ext_x = -1061.562866
Ext_y = -1219.747436
Ext_z = 129.218750
ExtV_x = -1057.563354
ExtV_y = -1219.686889
Ang = 90.867576
