[data]
Interior = 12
Virtual_world = 504
ID_Casa = 404
Cerrado = false
IntV_x = 1256.333007
IntV_y = -862.038513
Int_x = 1256.180541
Int_y = -858.898498
Int_z = 1091.250000
Ext_x = -1061.562744
Ext_y = -1222.439697
Ext_z = 129.218750
ExtV_x = -1057.581665
ExtV_y = -1222.051635
Ang = 95.567649
