[data]
Interior = 10
Virtual_world = 117
ID_Casa = 17
Cerrado = false
IntV_x = 424.886688
IntV_y = -95.238403
Int_x = 424.988189
Int_y = -92.087898
Int_z = 1011.942199
Ext_x = 896.364990
Ext_y = -780.916076
Ext_z = 101.329162
ExtV_x = 894.836730
ExtV_y = -777.219543
Ang = 202.462112
