[data]
Interior = 12
Virtual_world = 592
ID_Casa = 492
Cerrado = false
IntV_x = 1256.333007
IntV_y = -862.038513
Int_x = 1256.180541
Int_y = -858.898498
Int_z = 1091.250000
Ext_x = 897.828674
Ext_y = -618.258300
Ext_z = 114.312500
ExtV_x = 900.104125
ExtV_y = -621.548034
Ang = 34.671207
