[data]
Interior = 12
Virtual_world = 592
ID_Casa = 492
Cerrado = false
IntV_x = 1249.989990
IntV_y = -861.597290
Int_x = 1249.975219
Int_y = -858.973022
Int_z = 1091.257080
Ext_x = 901.970458
Ext_y = -614.256042
Ext_z = 114.307907
ExtV_x = 904.845458
ExtV_y = -617.037109
Ang = 45.951236
