[data]
Interior = 10
Virtual_world = 595
ID_Casa = 495
Cerrado = false
IntV_x = 424.886688
IntV_y = -95.238403
Int_x = 424.988189
Int_y = -92.087898
Int_z = 1011.942199
Ext_x = 853.178222
Ext_y = -1662.684814
Ext_z = 13.554684
ExtV_x = 857.178100
ExtV_y = -1662.656982
Ang = 90.399009
