[data]
Interior = 10
Virtual_world = 543
ID_Casa = 443
Cerrado = false
IntV_x = 424.886688
IntV_y = -95.238403
Int_x = 424.988189
Int_y = -92.087898
Int_z = 1011.942199
Ext_x = 853.200256
Ext_y = -1649.817871
Ext_z = 13.554679
ExtV_x = 857.194213
ExtV_y = -1650.037597
Ang = 86.850318
