[data]
Interior = 10
Virtual_world = 596
ID_Casa = 496
Cerrado = false
IntV_x = 424.886688
IntV_y = -95.238403
Int_x = 424.988189
Int_y = -92.087898
Int_z = 1001.942199
Ext_x = 845.068359
Ext_y = -758.748840
Ext_z = 85.276672
ExtV_x = 842.161987
ExtV_y = -761.497131
Ang = 313.398956
