[data]
Interior = 10
Virtual_world = 361
ID_Casa = 261
Cerrado = true
IntV_x = 424.886688
IntV_y = -95.238403
Int_x = 424.988189
Int_y = -92.087898
Int_z = 1001.942199
Ext_x = 1798.274414
Ext_y = -2146.754882
Ext_z = 13.546875
ExtV_x = 1794.285644
ExtV_y = -2147.054199
Ang = 274.292724
