[data]
Interior = 10
Virtual_world = 597
ID_Casa = 497
Cerrado = true
IntV_x = 424.886688
IntV_y = -95.238403
Int_x = 424.988189
Int_y = -92.087898
Int_z = 1001.942199
Ext_x = 1004.240478
Ext_y = -1059.018310
Ext_z = 30.601562
ExtV_x = 1004.452880
ExtV_y = -1055.023925
Ang = 176.956039
