[data]
Interior = 10
Virtual_world = 597
ID_Casa = 497
Cerrado = true
IntV_x = 424.886688
IntV_y = -95.238403
Int_x = 424.988189
Int_y = -92.087898
Int_z = 1011.942199
Ext_x = 1016.077331
Ext_y = -1059.028686
Ext_z = 30.631774
ExtV_x = 1015.804443
ExtV_y = -1055.037963
Ang = 183.912170
