[data]
Interior = 10
Virtual_world = 588
ID_Casa = 488
Cerrado = true
IntV_x = 424.886688
IntV_y = -95.238403
Int_x = 424.988189
Int_y = -92.087898
Int_z = 1011.942199
Ext_x = 1040.949340
Ext_y = -1059.458251
Ext_z = 31.703125
ExtV_x = 1040.779663
ExtV_y = -1055.461914
Ang = 182.431472
