[data]
Interior = 10
Virtual_world = 118
ID_Casa = 18
Cerrado = true
IntV_x = 424.886688
IntV_y = -95.238403
Int_x = 424.988189
Int_y = -92.087898
Int_z = 1001.942199
Ext_x = 810.513000
Ext_y = -768.766113
Ext_z = 76.531364
ExtV_x = 814.341796
ExtV_y = -767.608337
Ang = 106.824478
