[data]
Interior = 10
Virtual_world = 119
ID_Casa = 19
Cerrado = false
IntV_x = 424.886688
IntV_y = -95.238403
Int_x = 424.988189
Int_y = -92.087898
Int_z = 1011.942199
Ext_x = 795.732666
Ext_y = -837.936706
Ext_z = 60.641761
ExtV_x = 796.407531
ExtV_y = -841.879333
Ang = 9.713368
