[data]
Interior = 12
Virtual_world = 299
ID_Casa = 199
Cerrado = true
IntV_x = 1256.333007
IntV_y = -862.038513
Int_x = 1256.180541
Int_y = -858.898498
Int_z = 1091.250000
Ext_x = 1248.968627
Ext_y = -800.922058
Ext_z = 84.140625
ExtV_x = 1248.924804
ExtV_y = -804.921813
Ang = 359.372558
