[data]
Interior = 10
Virtual_world = 120
ID_Casa = 20
Cerrado = false
IntV_x = 424.886688
IntV_y = -95.238403
Int_x = 424.988189
Int_y = -92.087898
Int_z = 1001.942199
Ext_x = 1113.050292
Ext_y = -732.399047
Ext_z = 100.132926
ExtV_x = 1109.054199
ExtV_y = -732.223571
Ang = 267.485260
