[data]
Interior = 10
Virtual_world = 122
ID_Casa = 22
Cerrado = false
IntV_x = 424.886688
IntV_y = -95.238403
Int_x = 424.988189
Int_y = -92.087898
Int_z = 1001.942199
Ext_x = 1030.508789
Ext_y = -814.751464
Ext_z = 101.851562
ExtV_x = 1029.010620
ExtV_y = -811.042602
Ang = 201.995254
