[data]
Interior = 10
Virtual_world = 123
ID_Casa = 23
Cerrado = false
IntV_x = 424.886688
IntV_y = -95.238403
Int_x = 424.988189
Int_y = -92.087898
Int_z = 1001.942199
Ext_x = 1024.973632
Ext_y = -774.254150
Ext_z = 102.949180
ExtV_x = 1025.098876
ExtV_y = -778.252197
Ang = 1.794496
