[data]
Interior = 10
Virtual_world = 124
ID_Casa = 24
Cerrado = false
IntV_x = 424.886688
IntV_y = -95.238403
Int_x = 424.988189
Int_y = -92.087898
Int_z = 1001.942199
Ext_x = 980.896545
Ext_y = -833.480285
Ext_z = 95.468574
ExtV_x = 979.036010
ExtV_y = -829.939331
Ang = 207.719177
