[data]
Interior = 10
Virtual_world = 128
ID_Casa = 28
Cerrado = false
IntV_x = 424.886688
IntV_y = -95.238403
Int_x = 424.988189
Int_y = -92.087898
Int_z = 1001.942199
Ext_x = 840.594055
Ext_y = -898.105651
Ext_z = 68.773437
ExtV_x = 839.824768
ExtV_y = -894.180297
Ang = 191.088272
