[data]
Interior = 10
Virtual_world = 128
ID_Casa = 28
Cerrado = true
IntV_x = 424.886688
IntV_y = -95.238403
Int_x = 424.988189
Int_y = -92.087898
Int_z = 1011.942199
Ext_x = 831.361633
Ext_y = -891.641174
Ext_z = 68.773437
ExtV_x = 835.143859
ExtV_y = -890.339294
Ang = 108.994178
