[data]
Interior = 10
Virtual_world = 130
ID_Casa = 30
Cerrado = false
IntV_x = 424.886688
IntV_y = -95.238403
Int_x = 424.988189
Int_y = -92.087898
Int_z = 1001.942199
Ext_x = 729.090637
Ext_y = -996.856384
Ext_z = 52.734375
ExtV_x = 725.694641
ExtV_y = -994.742797
Ang = 238.103256
