[data]
Interior = 10
Virtual_world = 131
ID_Casa = 31
Cerrado = false
IntV_x = 424.886688
IntV_y = -95.238403
Int_x = 424.988189
Int_y = -92.087898
Int_z = 1001.942199
Ext_x = 691.346801
Ext_y = -1075.770019
Ext_z = 49.421691
ExtV_x = 687.843933
ExtV_y = -1073.838745
Ang = 241.130828
