[data]
Interior = 10
Virtual_world = 132
ID_Casa = 32
Cerrado = true
IntV_x = 424.886688
IntV_y = -95.238403
Int_x = 424.988189
Int_y = -92.087898
Int_z = 1001.942199
Ext_x = 638.948547
Ext_y = -1124.712158
Ext_z = 44.207038
ExtV_x = 636.146545
ExtV_y = -1121.857543
Ang = 224.466567
