[data]
Interior = 10
Virtual_world = 133
ID_Casa = 33
Cerrado = false
IntV_x = 424.886688
IntV_y = -95.238403
Int_x = 424.988189
Int_y = -92.087898
Int_z = 1001.942199
Ext_x = 543.544372
Ext_y = -1204.030517
Ext_z = 44.761562
ExtV_x = 542.199523
ExtV_y = -1200.263427
Ang = 199.646331
