[data]
Interior = 10
Virtual_world = 106
ID_Casa = 6
Cerrado = true
IntV_x = 424.886688
IntV_y = -95.238403
Int_x = 424.988189
Int_y = -92.087898
Int_z = 1001.942199
Ext_x = 1534.647583
Ext_y = -813.625122
Ext_z = 72.186828
ExtV_x = 1530.648559
ExtV_y = -813.712768
Ang = 271.255218
