[data]
Interior = 10
Virtual_world = 135
ID_Casa = 35
Cerrado = true
IntV_x = 424.886688
IntV_y = -95.238403
Int_x = 424.988189
Int_y = -92.087898
Int_z = 1001.942199
Ext_x = 407.468841
Ext_y = -1267.331909
Ext_z = 50.019790
ExtV_x = 405.811920
ExtV_y = -1263.691284
Ang = 204.470947
