[data]
Interior = 12
Virtual_world = 137
ID_Casa = 37
Cerrado = true
IntV_x = 1249.989990
IntV_y = -861.597290
Int_x = 1249.975219
Int_y = -858.973022
Int_z = 1091.257080
Ext_x = 245.759201
Ext_y = -1357.981933
Ext_z = 53.109375
ExtV_x = 249.014129
ExtV_y = -1355.656982
Ang = 125.537895
