[data]
Interior = 12
Virtual_world = 137
ID_Casa = 37
Cerrado = true
IntV_x = 1256.333007
IntV_y = -862.038513
Int_x = 1256.180541
Int_y = -858.898498
Int_z = 1091.250000
Ext_x = 248.184310
Ext_y = -1361.387817
Ext_z = 53.109375
ExtV_x = 251.476943
ExtV_y = -1359.116577
Ang = 124.597900
