[data]
Interior = 12
Virtual_world = 139
ID_Casa = 39
Cerrado = true
IntV_x = 1249.989990
IntV_y = -861.597290
Int_x = 1249.975219
Int_y = -858.973022
Int_z = 1091.257080
Ext_x = 172.204177
Ext_y = -1337.647705
Ext_z = 69.974929
ExtV_x = 170.927459
ExtV_y = -1341.438476
Ang = 341.386627
