[data]
Interior = 12
Virtual_world = 139
ID_Casa = 39
Cerrado = true
IntV_x = 1256.333007
IntV_y = -862.038513
Int_x = 1256.180541
Int_y = -858.898498
Int_z = 1091.250000
Ext_x = 166.520568
Ext_y = -1337.652954
Ext_z = 69.892486
ExtV_x = 166.686691
ExtV_y = -1341.649536
Ang = 2.380141
