[data]
Interior = 12
Virtual_world = 140
ID_Casa = 40
Cerrado = false
IntV_x = 1256.333007
IntV_y = -862.038513
Int_x = 1256.180541
Int_y = -858.898498
Int_z = 1091.250000
Ext_x = 231.230316
Ext_y = -1257.413818
Ext_z = 68.043594
ExtV_x = 233.851257
ExtV_y = -1260.435546
Ang = 40.937637
