[data]
Interior = 12
Virtual_world = 140
ID_Casa = 40
Cerrado = false
IntV_x = 1249.989990
IntV_y = -861.597290
Int_x = 1249.975219
Int_y = -858.973022
Int_z = 1091.257080
Ext_x = 235.586013
Ext_y = -1253.618286
Ext_z = 69.019668
ExtV_x = 238.390136
ExtV_y = -1256.470825
Ang = 44.509624
