[data]
Interior = 12
Virtual_world = 141
ID_Casa = 41
Cerrado = true
IntV_x = 1249.989990
IntV_y = -861.597290
Int_x = 1249.975219
Int_y = -858.973022
Int_z = 1091.257080
Ext_x = 274.266937
Ext_y = -1252.374755
Ext_z = 73.922576
ExtV_x = 277.618743
ExtV_y = -1250.191772
Ang = 123.075630
