[data]
Interior = 12
Virtual_world = 141
ID_Casa = 41
Cerrado = true
IntV_x = 1256.333007
IntV_y = -862.038513
Int_x = 1256.180541
Int_y = -858.898498
Int_z = 1091.250000
Ext_x = 277.509979
Ext_y = -1257.006591
Ext_z = 73.923927
ExtV_x = 280.775787
ExtV_y = -1254.696899
Ang = 125.268981
