[data]
Interior = 12
Virtual_world = 143
ID_Casa = 43
Cerrado = false
IntV_x = 1249.989990
IntV_y = -861.597290
Int_x = 1249.975219
Int_y = -858.973022
Int_z = 1091.257080
Ext_x = 284.975524
Ext_y = -1153.932983
Ext_z = 80.914062
ExtV_x = 287.711883
ExtV_y = -1156.850585
Ang = 43.163948
