[data]
Interior = 10
Virtual_world = 107
ID_Casa = 7
Cerrado = false
IntV_x = 424.886688
IntV_y = -95.238403
Int_x = 424.988189
Int_y = -92.087898
Int_z = 1001.942199
Ext_x = 1518.057983
Ext_y = -763.294616
Ext_z = 79.924072
ExtV_x = 1515.477294
ExtV_y = -766.350769
Ang = 319.822113
