[data]
Interior = 12
Virtual_world = 143
ID_Casa = 43
Cerrado = false
IntV_x = 1256.333007
IntV_y = -862.038513
Int_x = 1256.180541
Int_y = -858.898498
Int_z = 1091.250000
Ext_x = 280.890960
Ext_y = -1157.973754
Ext_z = 80.914062
ExtV_x = 283.674804
ExtV_y = -1160.846069
Ang = 44.103946
