[data]
Interior = 10
Virtual_world = 144
ID_Casa = 44
Cerrado = false
IntV_x = 424.886688
IntV_y = -95.238403
Int_x = 424.988189
Int_y = -92.087898
Int_z = 1001.942199
Ext_x = 348.838989
Ext_y = -1200.922973
Ext_z = 76.515625
ExtV_x = 346.398956
ExtV_y = -1197.753417
Ang = 217.590103
