[data]
Interior = 10
Virtual_world = 145
ID_Casa = 45
Cerrado = false
IntV_x = 424.886688
IntV_y = -95.238403
Int_x = 424.988189
Int_y = -92.087898
Int_z = 1001.942199
Ext_x = 408.719482
Ext_y = -1148.714477
Ext_z = 76.687614
ExtV_x = 406.629058
ExtV_y = -1152.124755
Ang = 328.492584
