[data]
Interior = 10
Virtual_world = 166
ID_Casa = 66
Cerrado = false
IntV_x = 424.886688
IntV_y = -95.238403
Int_x = 424.988189
Int_y = -92.087898
Int_z = 1001.942199
Ext_x = 2520.284667
Ext_y = -1673.741455
Ext_z = 14.776795
ExtV_x = 2516.299316
ExtV_y = -1673.398559
Ang = 265.082214
