[data]
Interior = 10
Virtual_world = 180
ID_Casa = 80
Cerrado = false
IntV_x = 424.886688
IntV_y = -95.238403
Int_x = 424.988189
Int_y = -92.087898
Int_z = 1001.942199
Ext_x = 2390.116210
Ext_y = -1709.439819
Ext_z = 13.626996
ExtV_x = 2390.108886
ExtV_y = -1713.439819
Ang = 359.895324
