[data]
Interior = 10
Virtual_world = 181
ID_Casa = 81
Cerrado = false
IntV_x = 424.886688
IntV_y = -95.238403
Int_x = 424.988189
Int_y = -92.087898
Int_z = 1001.942199
Ext_x = 2324.661865
Ext_y = -1677.308349
Ext_z = 14.421875
ExtV_x = 2328.661376
ExtV_y = -1677.366210
Ang = 89.171585
