[data]
Interior = 10
Virtual_world = 188
ID_Casa = 88
Cerrado = true
IntV_x = 424.886688
IntV_y = -95.238403
Int_x = 424.988189
Int_y = -92.087898
Int_z = 1001.942199
Ext_x = 479.667663
Ext_y = -1094.453247
Ext_z = 82.359191
ExtV_x = 479.875122
ExtV_y = -1090.458618
Ang = 177.026901
