[data]
Interior = 10
Virtual_world = 189
ID_Casa = 89
Cerrado = false
IntV_x = 424.886688
IntV_y = -95.238403
Int_x = 424.988189
Int_y = -92.087898
Int_z = 1001.942199
Ext_x = 567.733947
Ext_y = -1071.995117
Ext_z = 72.921989
ExtV_x = 565.833068
ExtV_y = -1068.475585
Ang = 208.373168
