[data]
Interior = 10
Virtual_world = 190
ID_Casa = 90
Cerrado = false
IntV_x = 424.886688
IntV_y = -95.238403
Int_x = 424.988189
Int_y = -92.087898
Int_z = 1001.942199
Ext_x = 2017.570434
Ext_y = -1737.289550
Ext_z = 13.546875
ExtV_x = 2013.570922
ExtV_y = -1737.353637
Ang = 270.917510
