[data]
Interior = 10
Virtual_world = 192
ID_Casa = 92
Cerrado = true
IntV_x = 424.886688
IntV_y = -95.238403
Int_x = 424.988189
Int_y = -92.087898
Int_z = 1001.942199
Ext_x = 2020.458740
Ext_y = -1707.862182
Ext_z = 13.546875
ExtV_x = 2016.459716
ExtV_y = -1707.773071
Ang = 268.724182
