[data]
Interior = 12
Virtual_world = 142
ID_Casa = 42
Cerrado = true
IntV_x = 1256.333007
IntV_y = -862.038513
Int_x = 1256.180541
Int_y = -858.898498
Int_z = 1091.250000
Ext_x = 1520.203369
Ext_y = -688.925231
Ext_z = 94.750000
ExtV_x = 1516.203735
ExtV_y = -688.869323
Ang = 269.198822
