[data]
Interior = 10
Virtual_world = 196
ID_Casa = 96
Cerrado = true
IntV_x = 424.886688
IntV_y = -95.238403
Int_x = 424.988189
Int_y = -92.087898
Int_z = 1001.942199
Ext_x = 2029.651245
Ext_y = -1648.369995
Ext_z = 13.554677
ExtV_x = 2025.653930
ExtV_y = -1648.222290
Ang = 267.884399
