[data]
Interior = 12
Virtual_world = 200
ID_Casa = 100
Cerrado = true
IntV_x = 1249.989990
IntV_y = -861.597290
Int_x = 1249.975219
Int_y = -858.973022
Int_z = 1091.257080
Ext_x = 2053.666992
Ext_y = -1636.191894
Ext_z = 13.546875
ExtV_x = 2057.600097
ExtV_y = -1636.920898
Ang = 79.498870
