[data]
Interior = 10
Virtual_world = 236
ID_Casa = 136
Cerrado = false
IntV_x = 424.886688
IntV_y = -95.238403
Int_x = 424.988189
Int_y = -92.087898
Int_z = 1001.942199
Ext_x = 1845.632202
Ext_y = -1887.515625
Ext_z = 13.430932
ExtV_x = 1845.335571
ExtV_y = -1883.526611
Ang = 184.253311
