[data]
Interior = 10
Virtual_world = 237
ID_Casa = 137
Cerrado = false
IntV_x = 424.886688
IntV_y = -95.238403
Int_x = 424.988189
Int_y = -92.087898
Int_z = 1001.942199
Ext_x = 1867.273925
Ext_y = -1887.876464
Ext_z = 13.467700
ExtV_x = 1867.305175
ExtV_y = -1883.876586
Ang = 179.553237
