[data]
Interior = 10
Virtual_world = 238
ID_Casa = 138
Cerrado = false
IntV_x = 424.886688
IntV_y = -95.238403
Int_x = 424.988189
Int_y = -92.087898
Int_z = 1001.942199
Ext_x = 1896.500610
Ext_y = -1887.875488
Ext_z = 13.496253
ExtV_x = 1896.488037
ExtV_y = -1883.875488
Ang = 180.180236
