[data]
Interior = 10
Virtual_world = 239
ID_Casa = 139
Cerrado = false
IntV_x = 424.886688
IntV_y = -95.238403
Int_x = 424.988189
Int_y = -92.087898
Int_z = 1001.942199
Ext_x = 1909.697875
Ext_y = -1887.516967
Ext_z = 13.509140
ExtV_x = 1909.444824
ExtV_y = -1883.525024
Ang = 183.626785
