[data]
Interior = 10
Virtual_world = 241
ID_Casa = 141
Cerrado = false
IntV_x = 424.886688
IntV_y = -95.238403
Int_x = 424.988189
Int_y = -92.087898
Int_z = 1001.942199
Ext_x = 1934.417602
Ext_y = -1886.447631
Ext_z = 13.533288
ExtV_x = 1934.064575
ExtV_y = -1882.463256
Ang = 185.063461
