[data]
Interior = 10
Virtual_world = 247
ID_Casa = 147
Cerrado = true
IntV_x = 424.886688
IntV_y = -95.238403
Int_x = 424.988189
Int_y = -92.087898
Int_z = 1001.942199
Ext_x = 1897.691528
Ext_y = -2106.754394
Ext_z = 13.585577
ExtV_x = 1894.583007
ExtV_y = -2104.237060
Ang = 230.999877
