[data]
Interior = 10
Virtual_world = 246
ID_Casa = 146
Cerrado = false
IntV_x = 424.886688
IntV_y = -95.238403
Int_x = 424.988189
Int_y = -92.087898
Int_z = 1001.942199
Ext_x = 1868.446289
Ext_y = -2106.755615
Ext_z = 13.564162
ExtV_x = 1865.678588
ExtV_y = -2103.867675
Ang = 223.782485
