[data]
Interior = 10
Virtual_world = 245
ID_Casa = 145
Cerrado = false
IntV_x = 424.886688
IntV_y = -95.238403
Int_x = 424.988189
Int_y = -92.087898
Int_z = 1001.942199
Ext_x = 1846.907592
Ext_y = -2106.394531
Ext_z = 13.546792
ExtV_x = 1844.577026
ExtV_y = -2103.143554
Ang = 215.635772
