[data]
Interior = 12
Virtual_world = 142
ID_Casa = 42
Cerrado = false
IntV_x = 1249.989990
IntV_y = -861.597290
Int_x = 1249.975219
Int_y = -858.973022
Int_z = 1091.257080
Ext_x = 1520.183105
Ext_y = -694.510009
Ext_z = 94.750000
ExtV_x = 1516.183105
ExtV_y = -694.497802
Ang = 269.825439
