[data]
Interior = 10
Virtual_world = 244
ID_Casa = 144
Cerrado = true
IntV_x = 424.886688
IntV_y = -95.238403
Int_x = 424.988189
Int_y = -92.087898
Int_z = 1001.942199
Ext_x = 1848.292236
Ext_y = -2096.915527
Ext_z = 13.546875
ExtV_x = 1850.319580
ExtV_y = -2100.363769
Ang = 30.453989
