[data]
Interior = 10
Virtual_world = 243
ID_Casa = 143
Cerrado = false
IntV_x = 424.886688
IntV_y = -95.238403
Int_x = 424.988189
Int_y = -92.087898
Int_z = 1001.942199
Ext_x = 1877.479980
Ext_y = -2096.912597
Ext_z = 13.527514
ExtV_x = 1879.469482
ExtV_y = -2100.382812
Ang = 29.827341
