[data]
Interior = 10
Virtual_world = 242
ID_Casa = 142
Cerrado = false
IntV_x = 424.886688
IntV_y = -95.238403
Int_x = 424.988189
Int_y = -92.087898
Int_z = 1001.942199
Ext_x = 1898.965087
Ext_y = -2097.276367
Ext_z = 13.478564
ExtV_x = 1901.232299
ExtV_y = -2100.571777
Ang = 34.527313
