[data]
Interior = 10
Virtual_world = 266
ID_Casa = 166
Cerrado = false
IntV_x = 424.886688
IntV_y = -95.238403
Int_x = 424.988189
Int_y = -92.087898
Int_z = 1001.942199
Ext_x = 1910.513671
Ext_y = -1112.949096
Ext_z = 25.664100
ExtV_x = 1910.398559
ExtV_y = -1116.947387
Ang = 358.351226
