[data]
Interior = 10
Virtual_world = 271
ID_Casa = 171
Cerrado = true
IntV_x = 424.886688
IntV_y = -95.238403
Int_x = 424.988189
Int_y = -92.087898
Int_z = 1011.942199
Ext_x = 2095.786865
Ext_y = -1275.926025
Ext_z = 25.492601
ExtV_x = 2096.191894
ExtV_y = -1279.905517
Ang = 5.811294
