[data]
Interior = 10
Virtual_world = 126
ID_Casa = 26
Cerrado = true
IntV_x = 424.886688
IntV_y = -95.238403
Int_x = 424.988189
Int_y = -92.087898
Int_z = 1011.942199
Ext_x = 946.318359
Ext_y = -844.774658
Ext_z = 93.575775
ExtV_x = 944.729614
ExtV_y = -841.103698
Ang = 203.402191
