[data]
Interior = 10
Virtual_world = 289
ID_Casa = 189
Cerrado = false
IntV_x = 424.886688
IntV_y = -95.238403
Int_x = 424.988189
Int_y = -92.087898
Int_z = 1001.942199
Ext_x = 2547.350341
Ext_y = -1245.368530
Ext_z = 42.453456
ExtV_x = 2547.469238
ExtV_y = -1249.366821
Ang = 1.701688
