[data]
Interior = 10
Virtual_world = 290
ID_Casa = 190
Cerrado = true
IntV_x = 424.886688
IntV_y = -95.238403
Int_x = 424.988189
Int_y = -92.087898
Int_z = 1001.942199
Ext_x = 2196.336425
Ext_y = -1273.860717
Ext_z = 24.543048
ExtV_x = 2196.494140
ExtV_y = -1277.857666
Ang = 2.258193
