[data]
Interior = 12
Virtual_world = 292
ID_Casa = 192
Cerrado = false
IntV_x = 1256.333007
IntV_y = -862.038513
Int_x = 1256.180541
Int_y = -858.898498
Int_z = 1091.250000
Ext_x = 2159.353271
Ext_y = -1267.389648
Ext_z = 23.975933
ExtV_x = 2163.353271
ExtV_y = -1267.372802
Ang = 90.240486
