[data]
Interior = 10
Virtual_world = 297
ID_Casa = 197
Cerrado = false
IntV_x = 424.886688
IntV_y = -95.238403
Int_x = 424.988189
Int_y = -92.087898
Int_z = 1001.942199
Ext_x = 985.048828
Ext_y = 2351.869628
Ext_z = 11.468750
ExtV_x = 989.045898
ExtV_y = 2352.022705
Ang = 92.193763
