[data]
Interior = 10
Virtual_world = 109
ID_Casa = 9
Cerrado = false
IntV_x = 424.886688
IntV_y = -95.238403
Int_x = 424.988189
Int_y = -92.087898
Int_z = 1001.942199
Ext_x = 1460.426025
Ext_y = -628.986389
Ext_z = 95.718566
ExtV_x = 1460.224243
ExtV_y = -632.981323
Ang = 357.109100
