[data]
Interior = 12
Virtual_world = 299
ID_Casa = 199
Cerrado = false
IntV_x = 1249.989990
IntV_y = -861.597290
Int_x = 1249.975219
Int_y = -858.973022
Int_z = 1091.257080
Ext_x = 1255.064208
Ext_y = -800.885864
Ext_z = 84.140625
ExtV_x = 1255.304687
ExtV_y = -804.878662
Ang = 3.445827
