[data]
Interior = 10
Virtual_world = 299
ID_Casa = 199
Cerrado = false
IntV_x = 424.886688
IntV_y = -95.238403
Int_x = 424.988189
Int_y = -92.087898
Int_z = 1011.942199
Ext_x = 1242.613037
Ext_y = -800.885986
Ext_z = 84.140625
ExtV_x = 1242.046142
ExtV_y = -804.845642
Ang = 351.852447
