[data]
Interior = 10
Virtual_world = 300
ID_Casa = 200
Cerrado = false
IntV_x = 424.886688
IntV_y = -95.238403
Int_x = 424.988189
Int_y = -92.087898
Int_z = 1011.942199
Ext_x = 2092.244140
Ext_y = -1171.015258
Ext_z = 25.593750
ExtV_x = 2088.245849
ExtV_y = -1170.901000
Ang = 268.362487
