[data]
Interior = 10
Virtual_world = 304
ID_Casa = 204
Cerrado = false
IntV_x = 424.886688
IntV_y = -95.238403
Int_x = 424.988189
Int_y = -92.087898
Int_z = 1001.942199
Ext_x = 1419.245727
Ext_y = -916.862121
Ext_z = 36.046875
ExtV_x = 1423.183715
ExtV_y = -917.563537
Ang = 79.900695
