[data]
Interior = 10
Virtual_world = 332
ID_Casa = 232
Cerrado = false
IntV_x = 424.886688
IntV_y = -95.238403
Int_x = 424.988189
Int_y = -92.087898
Int_z = 1001.942199
Ext_x = 752.373413
Ext_y = -492.205993
Ext_z = 17.328125
ExtV_x = 752.310546
ExtV_y = -496.205505
Ang = 359.099090
