[data]
Interior = 10
Virtual_world = 296
ID_Casa = 196
Cerrado = false
IntV_x = 424.886688
IntV_y = -95.238403
Int_x = 424.988189
Int_y = -92.087898
Int_z = 1011.942199
Ext_x = 322.461059
Ext_y = -1762.804199
Ext_z = 4.520120
ExtV_x = 322.449493
ExtV_y = -1766.804199
Ang = 359.834503
