[data]
Interior = 12
Virtual_world = 315
ID_Casa = 215
Cerrado = false
IntV_x = 1256.333007
IntV_y = -862.038513
Int_x = 1256.180541
Int_y = -858.898498
Int_z = 1091.250000
Ext_x = 837.019775
Ext_y = -1506.398193
Ext_z = 12.527687
ExtV_x = 837.733459
ExtV_y = -1502.462402
Ang = 169.722061
