[data]
Interior = 12
Virtual_world = 315
ID_Casa = 215
Cerrado = false
IntV_x = 1249.989990
IntV_y = -861.597290
Int_x = 1249.975219
Int_y = -858.973022
Int_z = 1091.257080
Ext_x = 841.976867
Ext_y = -1506.645507
Ext_z = 12.530796
ExtV_x = 842.103759
ExtV_y = -1502.647460
Ang = 178.182312
