[data]
Interior = 10
Virtual_world = 315
ID_Casa = 215
Cerrado = false
IntV_x = 424.886688
IntV_y = -95.238403
Int_x = 424.988189
Int_y = -92.087898
Int_z = 1011.942199
Ext_x = 830.531738
Ext_y = -1505.940063
Ext_z = 12.550848
ExtV_x = 832.453735
ExtV_y = -1502.432128
Ang = 151.282012
