[data]
Interior = 10
Virtual_world = 320
ID_Casa = 220
Cerrado = false
IntV_x = 424.886688
IntV_y = -95.238403
Int_x = 424.988189
Int_y = -92.087898
Int_z = 1001.942199
Ext_x = 1656.918823
Ext_y = -1691.379150
Ext_z = 15.609375
ExtV_x = 1656.795166
ExtV_y = -1695.377197
Ang = 358.227905
