[data]
Interior = 12
Virtual_world = 111
ID_Casa = 11
Cerrado = true
IntV_x = 1256.333007
IntV_y = -862.038513
Int_x = 1256.180541
Int_y = -858.898498
Int_z = 1091.250000
Ext_x = 1085.389160
Ext_y = -640.853576
Ext_z = 113.363853
ExtV_x = 1089.388793
ExtV_y = -640.908996
Ang = 89.206436
