[data]
Interior = 10
Virtual_world = 320
ID_Casa = 220
Cerrado = false
IntV_x = 424.886688
IntV_y = -95.238403
Int_x = 424.988189
Int_y = -92.087898
Int_z = 1011.942199
Ext_x = 1659.410888
Ext_y = -1691.599975
Ext_z = 15.609375
ExtV_x = 1659.571533
ExtV_y = -1695.596801
Ang = 2.301207
