[data]
Interior = 12
Virtual_world = 320
ID_Casa = 220
Cerrado = true
IntV_x = 1256.333007
IntV_y = -862.038513
Int_x = 1256.180541
Int_y = -858.898498
Int_z = 1091.250000
Ext_x = 1672.068481
Ext_y = -1701.773925
Ext_z = 15.609375
ExtV_x = 1668.196655
ExtV_y = -1700.769287
Ang = 255.453674
