[data]
Interior = 12
Virtual_world = 320
ID_Casa = 220
Cerrado = false
IntV_x = 1249.989990
IntV_y = -861.597290
Int_x = 1249.975219
Int_y = -858.973022
Int_z = 1091.257080
Ext_x = 1672.069580
Ext_y = -1705.472290
Ext_z = 15.609375
ExtV_x = 1668.077392
ExtV_y = -1705.222534
Ang = 266.420440
