[data]
Interior = 12
Virtual_world = 512
ID_Casa = 412
Cerrado = true
IntV_x = 1256.333007
IntV_y = -862.038513
Int_x = 1256.180541
Int_y = -858.898498
Int_z = 1091.250000
Ext_x = 858.658203
Ext_y = -1798.110229
Ext_z = 13.813632
ExtV_x = 860.180358
ExtV_y = -1794.411132
Ang = 157.633331
