[data]
Interior = 10
Virtual_world = 327
ID_Casa = 227
Cerrado = true
IntV_x = 424.886688
IntV_y = -95.238403
Int_x = 424.988189
Int_y = -92.087898
Int_z = 1011.942199
Ext_x = 763.033630
Ext_y = -503.798431
Ext_z = 17.343181
ExtV_x = 763.183227
ExtV_y = -507.795623
Ang = 2.143201
