[data]
Interior = 10
Virtual_world = 348
ID_Casa = 248
Cerrado = true
IntV_x = 424.886688
IntV_y = -95.238403
Int_x = 424.988189
Int_y = -92.087898
Int_z = 1011.942199
Ext_x = 771.824584
Ext_y = -556.783935
Ext_z = 17.343181
ExtV_x = 771.570739
ExtV_y = -552.791992
Ang = 183.638900
