[data]
Interior = 10
Virtual_world = 337
ID_Casa = 237
Cerrado = true
IntV_x = 424.886688
IntV_y = -95.238403
Int_x = 424.988189
Int_y = -92.087898
Int_z = 1011.942199
Ext_x = 750.529907
Ext_y = -556.191528
Ext_z = 17.343181
ExtV_x = 750.809448
ExtV_y = -552.201293
Ang = 175.992538
