[data]
Interior = 10
Virtual_world = 357
ID_Casa = 257
Cerrado = false
IntV_x = 424.886688
IntV_y = -95.238403
Int_x = 424.988189
Int_y = -92.087898
Int_z = 1001.942199
Ext_x = 758.521179
Ext_y = -582.070983
Ext_z = 17.328125
ExtV_x = 754.523620
ExtV_y = -581.931213
Ang = 267.997314
