[data]
Interior = 10
Virtual_world = 335
ID_Casa = 235
Cerrado = false
IntV_x = 424.886688
IntV_y = -95.238403
Int_x = 424.988189
Int_y = -92.087898
Int_z = 1001.942199
Ext_x = 827.450744
Ext_y = -492.000122
Ext_z = 17.328125
ExtV_x = 828.076965
ExtV_y = -495.950805
Ang = 9.006834
