[data]
Interior = 12
Virtual_world = 111
ID_Casa = 11
Cerrado = false
IntV_x = 1249.989990
IntV_y = -861.597290
Int_x = 1249.975219
Int_y = -858.973022
Int_z = 1091.257080
Ext_x = 1085.151123
Ext_y = -635.114624
Ext_z = 113.380470
ExtV_x = 1089.150756
ExtV_y = -635.060668
Ang = 90.773117
