[data]
Interior = 10
Virtual_world = 375
ID_Casa = 275
Cerrado = false
IntV_x = 424.886688
IntV_y = -95.238403
Int_x = 424.988189
Int_y = -92.087898
Int_z = 1001.942199
Ext_x = 2852.044921
Ext_y = -1343.410522
Ext_z = 11.062500
ExtV_x = 2856.032958
ExtV_y = -1343.100219
Ang = 94.449531
