[data]
Interior = 10
Virtual_world = 343
ID_Casa = 243
Cerrado = false
IntV_x = 424.886688
IntV_y = -95.238403
Int_x = 424.988189
Int_y = -92.087898
Int_z = 1001.942199
Ext_x = 814.110046
Ext_y = -1448.895751
Ext_z = 12.557559
ExtV_x = 810.148254
ExtV_y = -1448.344238
Ang = 262.074432
