[data]
Interior = 10
Virtual_world = 343
ID_Casa = 243
Cerrado = false
IntV_x = 424.886688
IntV_y = -95.238403
Int_x = 424.988189
Int_y = -92.087898
Int_z = 1001.942199
Ext_x = 813.263549
Ext_y = -1464.582763
Ext_z = 12.575634
ExtV_x = 809.270385
ExtV_y = -1464.816772
Ang = 273.354461
