[data]
Interior = 10
Virtual_world = 331
ID_Casa = 231
Cerrado = false
IntV_x = 424.886688
IntV_y = -95.238403
Int_x = 424.988189
Int_y = -92.087898
Int_z = 1011.942199
Ext_x = 844.918884
Ext_y = -603.521545
Ext_z = 18.421875
ExtV_x = 844.949340
ExtV_y = -599.521667
Ang = 179.563873
