[data]
Interior = 12
Virtual_world = 313
ID_Casa = 213
Cerrado = true
IntV_x = 1256.333007
IntV_y = -862.038513
Int_x = 1256.180541
Int_y = -858.898498
Int_z = 1091.250000
Ext_x = 1326.261352
Ext_y = -1099.176757
Ext_z = 25.504116
ExtV_x = 1330.248535
ExtV_y = -1098.857299
Ang = 94.580696
