[data]
Interior = 10
Virtual_world = 313
ID_Casa = 213
Cerrado = true
IntV_x = 424.886688
IntV_y = -95.238403
Int_x = 424.988189
Int_y = -92.087898
Int_z = 1011.942199
Ext_x = 1321.234008
Ext_y = -1083.143066
Ext_z = 25.598569
ExtV_x = 1321.270874
ExtV_y = -1079.143188
Ang = 179.471405
