[data]
Interior = 10
Virtual_world = 142
ID_Casa = 42
Cerrado = true
IntV_x = 424.886688
IntV_y = -95.238403
Int_x = 424.988189
Int_y = -92.087898
Int_z = 1001.942199
Ext_x = 858.571289
Ext_y = -845.128662
Ext_z = 77.380828
ExtV_x = 860.283081
ExtV_y = -848.743835
Ang = 25.337753
