[data]
Interior = 10
Virtual_world = 347
ID_Casa = 247
Cerrado = false
IntV_x = 424.886688
IntV_y = -95.238403
Int_x = 424.988189
Int_y = -92.087898
Int_z = 1001.942199
Ext_x = 844.668151
Ext_y = -1423.360717
Ext_z = 12.286100
ExtV_x = 844.644348
ExtV_y = -1419.360839
Ang = 180.340927
