[data]
Interior = 10
Virtual_world = 321
ID_Casa = 221
Cerrado = false
IntV_x = 424.886688
IntV_y = -95.238403
Int_x = 424.988189
Int_y = -92.087898
Int_z = 1001.942199
Ext_x = 846.682739
Ext_y = -1506.909912
Ext_z = 12.527784
ExtV_x = 846.588928
ExtV_y = -1502.911010
Ang = 181.344070
