[data]
Interior = 10
Virtual_world = 376
ID_Casa = 276
Cerrado = false
IntV_x = 424.886688
IntV_y = -95.238403
Int_x = 424.988189
Int_y = -92.087898
Int_z = 1001.942199
Ext_x = 2849.767333
Ext_y = -1330.560546
Ext_z = 11.089900
ExtV_x = 2853.608398
ExtV_y = -1329.444335
Ang = 106.203201
