[data]
Nombre = Rivas farmacia
Dueño = Jean_Block
Contraseña = 19726487
Dinero = 900
Precio_Entrada = 0
Precio = 1
VirtualWorld = 1000
Interior = 6
Tipo = 7
Icono = 22
Comprado = true
Cerrado = false
Entrada_x = 2424.217529
Entrada_y = -1742.808837
Entrada_z = 13.545619
Salida_x = 172.604507
Salida_y = -64.602302
Salida_z = 963.285888
Entrega_x = 2423.027832
Entrega_y = -1749.696533
Entrega_z = 13.546875
Stock0 = 132
Stock1 = 0
Stock2 = 0
Stock3 = 0
Stock4 = 0
Stock5 = 0
Stock6 = 0
Stock7 = 0
Stock8 = 0
Stock9 = 0
Transferido = Jean_Block
