[data]
Nombre = || OXXO ||
Dueño = David_Amaya
Contraseña = 33030344
Dinero = 138700
Precio_Entrada = 0
Precio = 1
VirtualWorld = 1001
Interior = 16
Tipo = 8
Icono = 19
Comprado = true
Cerrado = false
Entrada_x = 1352.356567
Entrada_y = -1758.762084
Entrada_z = 13.507802
Salida_x = -25.896600
Salida_y = -140.895095
Salida_z = 1003.546020
Stock6 = 0
Stock8 = 0
Stock4 = 0
Stock3 = 0
Stock2 = 74
Stock0 = 823
Stock1 = 67
Stock5 = 18
Stock7 = 0
Entrega_x = 1327.564208
Entrega_y = -1746.926025
Entrega_z = 13.544752
Stock9 = 10
Transferido = 
