[data]
Nombre = || SANTORINI ||
Dueño = David_Amaya
Contraseña = 33030344
Dinero = 163330
Precio_Entrada = 0
Precio = 750000
VirtualWorld = 1010
Interior = 5
Tipo = 1
Icono = 45
Comprado = true
Cerrado = false
Entrada_x = 461.251922
Entrada_y = -1500.841186
Entrada_z = 31.059511
Salida_x = 226.293991
Salida_y = -7.431529
Salida_z = 1002.210937
Stock1 = 275
Stock0 = 364
Entrega_x = 455.549499
Entrega_y = -1502.597778
Entrega_z = 31.035348
Stock2 = 100
Stock3 = 10000
Stock4 = 10000
Stock5 = 10000
Stock6 = 10000
Stock7 = 10000
Stock8 = 10000
Stock9 = 10000
Transferido = David_Amaya
