[data]
Nombre = Burger 54
Dueño = Brad_Blackwell
Contraseña = 113639939
Dinero = 7070
Precio_Entrada = 0
Precio = 11
VirtualWorld = 1011
Interior = 10
Tipo = 3
Icono = 10
Comprado = true
Cerrado = false
Entrada_x = 810.762207
Entrada_y = -1616.182617
Entrada_z = 13.546875
Salida_x = 363.908813
Salida_y = -74.032203
Salida_z = 1001.507812
Stock1 = 9390
Stock2 = 4512
Stock3 = 9999
Stock0 = 9695
Entrega_x = 820.632263
Entrega_y = -1623.995239
Entrega_z = 13.546875
Stock4 = 10000
Stock5 = 10000
Stock6 = 10000
Stock7 = 10000
Stock8 = 10000
Stock9 = 10000
Transferido = Brad_Blackwell
