[data]
Nombre = FarmaciaSystem
Dueño = Jairo_Castaneda
Contraseña = 20250781
Dinero = 8501
Precio_Entrada = 0
Precio = 1250000
VirtualWorld = 1012
Interior = 6
Tipo = 7
Icono = 22
Comprado = true
Cerrado = false
Entrada_x = 816.143249
Entrada_y = -1584.459838
Entrada_z = 13.554450
Salida_x = 172.604507
Salida_y = -64.602302
Salida_z = 963.285888
Entrega_x = 815.801025
Entrega_y = -1589.022705
Entrega_z = 13.546875
Stock0 = 36
Stock1 = 2
Stock2 = 10
Stock3 = 10000
Stock4 = 10000
Stock5 = 10000
Stock6 = 10000
Stock7 = 10000
Stock8 = 10000
Stock9 = 10000
Transferido = Jairo_Castaneda
