[data]
Nombre = Supermercado DÍA
Dueño = Manuel_Baldonedo
Contraseña = 127664562
Dinero = 18
Precio_Entrada = 0
Precio = 1300000
VirtualWorld = 1013
Interior = 17
Tipo = 0
Icono = 19
Comprado = true
Cerrado = false
Entrada_x = 1833.306762
Entrada_y = -1842.543945
Entrada_z = 13.578125
Salida_x = -25.884498
Salida_y = -185.868988
Salida_z = 1003.546875
Stock6 = 0
Stock5 = 0
Stock7 = 0
Stock2 = 0
Stock3 = 0
Stock1 = 0
Stock0 = 0
Stock4 = 0
Entrega_x = 1827.193725
Entrega_y = -1844.862792
Entrega_z = 13.578125
Stock8 = 10
Stock9 = 10
Transferido = Manuel_Baldonedo
