[data]
Nombre = Gimnasio Militar
Dueño = Robert_Mcculkin
Contraseña = 34275536
Dinero = 0
Precio_Entrada = 0
Precio = 1
VirtualWorld = 1014
Interior = 5
Tipo = 3
Icono = 54
Comprado = true
Cerrado = false
Entrada_x = 2229.611328
Entrada_y = -1721.685302
Entrada_z = 13.565375
Salida_x = 772.111999
Salida_y = -3.898648
Salida_z = 1000.728820
Entrega_x = 2228.913085
Entrega_y = -1727.115966
Entrega_z = 13.546875
Stock0 = 10000
Stock1 = 10000
Stock2 = 10000
Stock3 = 10000
Stock4 = 10000
Stock5 = 10000
Stock6 = 10000
Stock7 = 10000
Stock8 = 10000
Stock9 = 10000
Transferido = Robert_Mcculkin
