[data]
Nombre = Sport78
Dueño = Sin dueño
Contraseña = 33423567
Dinero = 1520993
Precio_Entrada = 0
Precio = 1140000
VirtualWorld = 1015
Interior = 15
Tipo = 1
Icono = 45
Comprado = false
Cerrado = false
Entrada_x = 2244.410644
Entrada_y = -1665.211547
Entrada_z = 15.476552
Salida_x = 207.737991
Salida_y = -109.019996
Salida_z = 1005.132812
Stock1 = 46470
Stock0 = 46463
Entrega_x = 2245.122558
Entrega_y = -1661.535766
Entrega_z = 15.469003
Stock2 = 100
Stock3 = 100
Stock4 = 10000
Stock5 = 10000
Stock6 = 10000
Stock7 = 10000
Stock8 = 10000
Stock9 = 10000
Transferido = Javier_Basualdo
