[data]
Nombre = Pizzeria Cortés
Dueño = Cristian_Cortes
Contraseña = 3276850
Dinero = 19790
Precio_Entrada = 0
Precio = 750000
VirtualWorld = 1016
Interior = 5
Tipo = 3
Icono = 29
Comprado = true
Cerrado = false
Entrada_x = 2105.167236
Entrada_y = -1806.532470
Entrada_z = 13.554677
Salida_x = 372.277893
Salida_y = -132.440597
Salida_z = 1001.492187
Stock2 = 304
Stock3 = 1
Stock1 = 753
Stock0 = 254
Entrega_x = 2087.021240
Entrega_y = -1806.506103
Entrega_z = 13.546875
Stock4 = 1
Stock5 = 1
Stock6 = 20
Stock7 = 10000
Stock8 = 10000
Stock9 = 10000
Transferido = Cristian_Cortes
