[data]
Nombre = Still on' 2016
Dueño = Cristo_Gonzales
Contraseña = 72221113
Dinero = 8665
Precio_Entrada = 65
Precio = 520000
VirtualWorld = 1017
Interior = 11
Tipo = 2
Icono = 49
Comprado = true
Cerrado = false
Entrada_x = 2309.941406
Entrada_y = -1643.791748
Entrada_z = 14.827047
Salida_x = 501.980987
Salida_y = -69.150199
Salida_z = 998.757812
Stock3 = 10000
Stock1 = 0
Stock0 = 8
Stock2 = 0
Entrega_x = 2303.874755
Entrega_y = -1653.664550
Entrega_z = 14.478858
Stock4 = 10000
Stock5 = 10000
Stock6 = 10000
Stock7 = 10000
Stock8 = 10000
Stock9 = 10000
Transferido = Cristo_Gonzales
