[data]
Nombre = El Pollito Pío [S.A]
Dueño = Manuel_Baldonedo
Contraseña = 127664562
Dinero = 325
Precio_Entrada = 0
Precio = 645000
VirtualWorld = 1018
Interior = 9
Tipo = 3
Icono = 14
Comprado = true
Cerrado = false
Entrada_x = 928.748779
Entrada_y = -1352.966918
Entrada_z = 13.343750
Salida_x = 364.875610
Salida_y = -10.601490
Salida_z = 1001.851623
Stock3 = 3
Stock0 = 107
Stock1 = 0
Stock2 = 0
Entrega_x = 922.968811
Entrega_y = -1351.160888
Entrega_z = 13.375427
Stock4 = 3
Stock5 = 10000
Stock6 = 10000
Stock7 = 10000
Stock8 = 10000
Stock9 = 10000
Transferido = Manuel_Baldonedo
