[data]
Nombre = -Welcome a Bard Bloods-
Dueño = Lavaughn_Washington
Contraseña = 35258585
Dinero = 14178
Precio_Entrada = 175
Precio = 35000
VirtualWorld = 1019
Interior = 11
Tipo = 2
Icono = 49
Comprado = true
Cerrado = false
Entrada_x = 2151.121337
Entrada_y = -1013.918395
Entrada_z = 62.728580
Salida_x = 501.980987
Salida_y = -69.150199
Salida_z = 998.757812
Entrega_x = 2157.727539
Entrega_y = -1013.393737
Entrega_z = 62.963268
Stock0 = 340
Stock1 = 271
Stock2 = 269
Stock3 = 10000
Stock4 = 10000
Stock5 = 10000
Stock6 = 10000
Stock7 = 10000
Stock8 = 10000
Stock9 = 10000
Transferido = 
