[data]
Nombre = 24/7 Murillo
Dueño = Daniel_Murillo
Contraseña = 286917438
Dinero = 4591
Precio_Entrada = 0
Precio = 900000
VirtualWorld = 1002
Interior = 17
Tipo = 0
Icono = 19
Comprado = true
Cerrado = false
Entrada_x = 2081.524414
Entrada_y = -1202.400024
Entrada_z = 23.915794
Salida_x = -25.884498
Salida_y = -185.868988
Salida_z = 1003.546875
Stock3 = 4
Stock4 = 6
Stock5 = 6
Stock6 = 7
Stock7 = 5
Stock2 = 30
Stock0 = 0
Stock1 = 8
Entrega_x = 2077.408447
Entrega_y = -1208.719238
Entrega_z = 23.956800
Stock8 = 50
Stock9 = 50
Transferido = Daniel_Murillo
