[data]
Nombre = TECNO MUEBLES
Dueño = 
Contraseña = 33030347
Dinero = 84852
Precio_Entrada = 0
Precio = 340000
VirtualWorld = 1020
Interior = 14
Tipo = 5
Icono = 44
Comprado = false
Cerrado = false
Entrada_x = 487.310363
Entrada_y = -1639.734252
Entrada_z = 23.703125
Salida_x = -1698.000000
Salida_y = 1880.500000
Salida_z = 1068.800048
Stock0 = 0
Stock1 = 23
Stock4 = 26
Stock3 = 32
Stock2 = 30
Entrega_x = 482.043365
Entrega_y = -1654.421997
Entrega_z = 23.081043
Stock5 = 60
Stock6 = 0
Stock7 = 5000
Stock8 = 5000
Stock9 = 10
Transferido = Jorge_Huertas
