[data]
Nombre = *LuroAuthogar*
Dueño = Ryan_Spell
Contraseña = 36962527
Dinero = 204997
Precio_Entrada = 0
Precio = 900000
VirtualWorld = 1021
Interior = 14
Tipo = 5
Icono = 44
Comprado = true
Cerrado = false
Entrada_x = 1419.589843
Entrada_y = -1553.721313
Entrada_z = 13.562088
Salida_x = -1698.000000
Salida_y = 1880.500000
Salida_z = 1068.800048
Stock0 = 9999995
Stock1 = 9999999
Stock4 = 123
Stock3 = 683
Stock2 = 9999999
Entrega_x = 1425.753540
Entrega_y = -1555.515869
Entrega_z = 13.539083
Stock5 = 184
Stock6 = 10
Stock7 = 10
Stock8 = 10
Stock9 = 10
Transferido = Julian_Juarez
