[data]
Nombre = Papo's Pharmacy
Dueño = Papo_Valdez
Contraseña = 70123830
Dinero = 6624
Precio_Entrada = 0
Precio = 750000
VirtualWorld = 1022
Interior = 6
Tipo = 7
Icono = 22
Comprado = true
Cerrado = false
Entrada_x = 1779.394775
Entrada_y = -1720.744262
Entrada_z = 13.550045
Salida_x = 172.604507
Salida_y = -64.602302
Salida_z = 963.285888
Entrega_x = 1778.507934
Entrega_y = -1726.831420
Entrega_z = 13.546875
Stock0 = 0
Stock1 = 8
Stock2 = 99999
Stock3 = 10000
Stock4 = 10000
Stock5 = 10000
Stock6 = 10000
Stock7 = 10000
Stock8 = 10000
Stock9 = 10000
Transferido = Papo_Valdez
