[data]
Nombre = -En Reformas-
Dueño = Sower_Calderone
Contraseña = 33161423
Dinero = 50
Precio_Entrada = 100
Precio = 1
VirtualWorld = 1023
Interior = 2
Tipo = 2
Icono = 48
Comprado = true
Cerrado = true
Entrada_x = 2421.521240
Entrada_y = -1220.049072
Entrada_z = 25.509639
Salida_x = 1204.809936
Salida_y = -11.586791
Salida_z = 1000.921875
Entrega_x = 2418.455810
Entrega_y = -1251.190551
Entrega_z = 23.812500
Stock0 = 10
Stock1 = 10
Stock2 = 10
Stock3 = 10
Stock4 = 10
Stock5 = 10
Stock6 = 10
Stock7 = 10
Stock8 = 10
Stock9 = 10
Transferido = Sower_Calderone
