[data]
Nombre = ::Texaco con Techron::
Dueño = Michael_Jeffrey
Contraseña = 33947855
Dinero = 1135
Precio_Entrada = 0
Precio = 1500000
VirtualWorld = 1024
Interior = 16
Tipo = 8
Icono = 19
Comprado = true
Cerrado = false
Entrada_x = 1928.587890
Entrada_y = -1776.295776
Entrada_z = 13.546875
Salida_x = -25.896600
Salida_y = -140.895095
Salida_z = 1003.546020
Stock6 = 31
Stock8 = 0
Stock3 = 21
Stock4 = 33
Stock5 = 10
Stock7 = 32
Stock2 = 27
Stock0 = 16
Stock1 = 23
Entrega_x = 1921.115356
Entrega_y = -1757.894653
Entrega_z = 13.546875
Stock9 = 10
Transferido = Joniel_Diaz
