[data]
Nombre = "." Casino Joanne "."
Dueño = Eve_Joanne
Contraseña = 68157856
Dinero = 69
Precio_Entrada = 0
Precio = 3450000
VirtualWorld = 1025
Interior = 1
Tipo = 6
Icono = 25
Comprado = true
Cerrado = false
Entrada_x = 1022.604370
Entrada_y = -1121.421386
Entrada_z = 23.872333
Salida_x = 2234.010986
Salida_y = 1713.746582
Salida_z = 1012.231994
Entrega_x = 1024.202392
Entrega_y = -1135.439697
Entrega_z = 23.820327
Stock0 = 10000
Stock1 = 10000
Stock2 = 10000
Stock3 = 10000
Stock4 = 10000
Stock5 = 10000
Stock6 = 10000
Stock7 = 10000
Stock8 = 10000
Stock9 = 10000
Transferido = Eve_Joanne
