[data]
Nombre = REPSOL SANTOS.
Dueño = Tosko_Depmsey
Contraseña = 35193044
Dinero = 24028
Precio_Entrada = 0
Precio = 450000
VirtualWorld = 1026
Interior = 16
Tipo = 8
Icono = 19
Comprado = true
Cerrado = false
Entrada_x = -78.403663
Entrada_y = -1169.969970
Entrada_z = 2.135379
Salida_x = -25.896600
Salida_y = -140.895095
Salida_z = 1003.546020
Stock8 = 0
Stock6 = 87
Stock4 = 9
Stock0 = 58
Stock1 = 75
Stock7 = 61
Stock3 = 26
Stock2 = 74
Entrega_x = -83.006362
Entrega_y = -1151.247924
Entrega_z = 1.750000
Stock5 = 67
Stock9 = 10
Transferido = Tosko_Depmsey
