[data]
Nombre = Cullen Burger
Dueño = Aaron_Cullen
Contraseña = 34210004
Dinero = 2210
Precio_Entrada = 0
Precio = 1
VirtualWorld = 1027
Interior = 10
Tipo = 3
Icono = 10
Comprado = true
Cerrado = false
Entrada_x = 1199.299804
Entrada_y = -918.138549
Entrada_z = 43.122955
Salida_x = 363.908813
Salida_y = -74.032203
Salida_z = 1001.507812
Stock2 = 95847
Stock1 = 99575
Stock0 = 99784
Stock3 = 99999
Stock4 = 99999
Stock5 = 10000
Stock6 = 10000
Stock7 = 10000
Stock8 = 10000
Stock9 = 10000
Transferido = Aaron_Cullen
