[data]
Nombre = farmacia
Dueño = Miky_Boyx
Contraseña = 0
Dinero = 126023
Precio_Entrada = 0
Precio = 99999999
VirtualWorld = 1028
Interior = 6
Tipo = 7
Icono = 22
Comprado = true
Cerrado = false
Entrada_x = 1445.108276
Entrada_y = -1426.923461
Entrada_z = 13.543002
Salida_x = 172.604507
Salida_y = -64.602302
Salida_z = 963.285888
Entrega_x = 1445.374023
Entrega_y = -1429.519897
Entrega_z = 13.548925
Stock0 = 272
Stock1 = 0
Stock2 = 0
Stock3 = 0
Stock4 = 0
Stock5 = 0
Stock6 = 0
Stock7 = 0
Stock8 = 0
Stock9 = 0
Transferido = Miky_Boyx
