[data]
Nombre = Estación de servicio
Dueño = 
Contraseña = 0
Dinero = 10665
Precio_Entrada = 0
Precio = 999999999
VirtualWorld = 1029
Interior = 16
Tipo = 8
Icono = 19
Comprado = false
Cerrado = false
Entrada_x = 1568.626953
Entrada_y = -1689.970581
Entrada_z = 6.218750
Salida_x = -25.896600
Salida_y = -140.895095
Salida_z = 1003.546020
Transferido = 
Stock0 = 986
Stock1 = 998
Stock2 = 999
Stock3 = 998
Stock4 = 997
Stock5 = 999
Stock6 = 997
Stock7 = 996
Stock8 = 925
Stock9 = 1000
