[data]
Nombre = Hiper Lider!
Dueño = Carlos_Oconner
Contraseña = 35324122
Dinero = 2040
Precio_Entrada = 0
Precio = 750000
VirtualWorld = 1003
Interior = 17
Tipo = 0
Icono = 19
Comprado = true
Cerrado = false
Entrada_x = 1315.547973
Entrada_y = -898.074035
Entrada_z = 39.578125
Salida_x = -25.884498
Salida_y = -185.868988
Salida_z = 1003.546875
Stock6 = 109
Stock7 = 62
Stock4 = 30
Stock3 = 50
Stock2 = 120
Stock5 = 65
Stock0 = 69
Stock1 = 114
Entrega_x = 1319.635986
Entrega_y = -918.301635
Entrega_z = 37.775142
Stock8 = 10
Stock9 = 10
Transferido = Carlos_Oconner
