[data]
Nombre = Polleria
Dueño = Ryan_Spell
Contraseña = 0
Dinero = 45750
Precio_Entrada = 0
Precio = 1410065407
VirtualWorld = 1030
Interior = 9
Tipo = 3
Icono = 14
Comprado = true
Cerrado = false
Entrada_x = 2735.979003
Entrada_y = -2521.323242
Entrada_z = 13.656502
Salida_x = 364.875610
Salida_y = -10.601495
Salida_z = 1001.851623
Transferido = 
Entrega_x = 2733.519042
Entrega_y = -2519.437255
Entrega_z = 13.656967
Stock0 = 99995
Stock1 = 99991
Stock2 = 99868
Stock3 = 99999
Stock4 = 99999
Stock5 = 0
Stock6 = 0
Stock7 = 0
Stock8 = 0
Stock9 = 0
