[data]
Nombre = Pollo Arturo
Dueño = Sin dueño
Contraseña = 94044518
Dinero = 22940
Precio_Entrada = 0
Precio = 2100000
VirtualWorld = 1031
Interior = 9
Tipo = 3
Icono = 14
Comprado = false
Cerrado = false
Entrada_x = 2397.865478
Entrada_y = -1899.182983
Entrada_z = 13.546875
Salida_x = 364.875610
Salida_y = -10.601490
Salida_z = 1001.851623
Entrega_x = 2378.963867
Entrega_y = -1909.396484
Entrega_z = 13.382812
Stock0 = 98
Stock1 = 0
Stock2 = 0
Stock3 = 0
Stock4 = 0
Stock5 = 0
Stock6 = 0
Stock7 = 0
Stock8 = 0
Stock9 = 0
Transferido = Eduardo_Figueira
