[data]
Nombre = Tu casa
Dueño = Keifer_Alfonzo
Contraseña = 33554636
Dinero = 8355
Precio_Entrada = 0
Precio = 870000
VirtualWorld = 1032
Interior = 16
Tipo = 8
Icono = 19
Comprado = true
Cerrado = false
Entrada_x = 661.362731
Entrada_y = -573.466552
Entrada_z = 16.335937
Salida_x = -25.896600
Salida_y = -140.895095
Salida_z = 1003.546020
Stock8 = 232
Stock7 = 163
Stock4 = 133
Stock6 = 203
Stock3 = 195
Stock2 = 201
Stock0 = 200
Stock5 = 208
Stock1 = 99
Stock9 = 0
Transferido = 
