[data]
Nombre = Alhambra
Dueño = Samix_Parker
Contraseña = 35455195
Dinero = 310
Precio_Entrada = 250
Precio = 600000
VirtualWorld = 1033
Interior = 17
Tipo = 2
Icono = 48
Comprado = true
Cerrado = false
Entrada_x = 1837.036376
Entrada_y = -1682.400024
Entrada_z = 13.322948
Salida_x = 493.390991
Salida_y = -22.722799
Salida_z = 1000.679687
Entrega_x = 1837.036376
Entrega_y = -1682.400024
Entrega_z = 13.322948
Stock0 = 198
Stock1 = 195
Stock2 = 188
Stock3 = 0
Stock4 = 0
Stock5 = 0
Stock6 = 0
Stock7 = 0
Stock8 = 0
Stock9 = 0
Transferido = Samix_Parker
