[data]
Nombre = [Bar Funki's]
Dueño = Sin dueño
Contraseña = 959186570
Dinero = 3845
Precio_Entrada = 2000
Precio = 560000
VirtualWorld = 1034
Interior = 11
Tipo = 2
Icono = 49
Comprado = false
Cerrado = false
Entrada_x = 388.040588
Entrada_y = -1897.175537
Entrada_z = 7.835937
Salida_x = 501.980987
Salida_y = -69.150199
Salida_z = 998.757812
Entrega_x = 391.183502
Entrega_y = -1888.293701
Entrega_z = 7.830090
Stock0 = 45
Stock1 = 39
Stock2 = 52
Stock3 = 0
Stock4 = 0
Stock5 = 0
Stock6 = 0
Stock7 = 0
Stock8 = 0
Stock9 = 0
Transferido = Hero_Skraver
