[data]
Nombre = Casa De Empeños 118111
Dueño = Milan_Carleone
Contraseña = 33030347
Dinero = 5248
Precio_Entrada = 0
Precio = 1
VirtualWorld = 1035
Interior = 14
Tipo = 5
Icono = 44
Comprado = true
Cerrado = false
Entrada_x = 616.857543
Entrada_y = -1330.784301
Entrada_z = 13.642534
Salida_x = -1698.000000
Salida_y = 1880.500000
Salida_z = 1068.800048
Entrega_x = 601.328613
Entrega_y = -1331.085693
Entrega_z = 13.582844
Stock0 = 0
Stock1 = 48
Stock2 = 23
Stock3 = 53
Stock4 = 0
Stock5 = 168
Stock6 = 50
Stock7 = 50
Stock8 = 0
Stock9 = 0
Transferido = Milan_Carleone
