[data]
Nombre = Hipermercado Cortés
Dueño = Cristian_Cortes
Contraseña = 3276850
Dinero = 28389
Precio_Entrada = 0
Precio = 530000
VirtualWorld = 1036
Interior = 14
Tipo = 5
Icono = 44
Comprado = true
Cerrado = false
Entrada_x = 1720.265136
Entrada_y = -1741.165161
Entrada_z = 13.546875
Salida_x = -1698.000000
Salida_y = 1880.500000
Salida_z = 1068.800048
Transferido = Cristian_Cortes
Entrega_x = 1732.925903
Entrega_y = -1755.090820
Entrega_z = 13.497854
Stock0 = 32
Stock1 = 56
Stock2 = 75
Stock3 = 45
Stock4 = 49
Stock5 = 100
Stock6 = 0
Stock7 = 0
Stock8 = 0
Stock9 = 0
