[data]
Nombre = Vinyl Disco
Dueño = Kirah_Isamarhs
Contraseña = 36372702
Dinero = 3680
Precio_Entrada = 100
Precio = 550000
VirtualWorld = 1038
Interior = 17
Tipo = 2
Icono = 48
Comprado = true
Cerrado = false
Entrada_x = 816.130615
Entrada_y = -1386.084838
Entrada_z = 13.596776
Salida_x = 493.390991
Salida_y = -22.722799
Salida_z = 1000.679687
Transferido = Kirah_Isamarhs
Entrega_x = 835.729675
Entrega_y = -1385.396484
Entrega_z = 13.551411
Stock0 = 92
Stock1 = 52
Stock2 = 48
Stock3 = 20
Stock4 = 17
Stock5 = 0
Stock6 = 0
Stock7 = 0
Stock8 = 0
Stock9 = 0
