[data]
Nombre = Gasolineria Block
Dueño = Jean_Block
Contraseña = 75366720
Dinero = 4170
Precio_Entrada = 0
Precio = 1
VirtualWorld = 1039
Interior = 16
Tipo = 8
Icono = 19
Comprado = true
Cerrado = false
Entrada_x = 2423.023193
Entrada_y = -1761.376708
Entrada_z = 13.539074
Salida_x = -25.896600
Salida_y = -140.895095
Salida_z = 1003.546020
Transferido = Jean_Block
Entrega_x = 2420.388183
Entrega_y = -1767.436401
Entrega_z = 13.539081
Stock0 = 12
Stock1 = 15
Stock2 = 11
Stock3 = 18
Stock4 = 6
Stock5 = 0
Stock6 = 16
Stock7 = 12
Stock8 = 0
Stock9 = 0
