[data]
Nombre = Dominicans'Bar
Dueño = Angel_Peralta
Contraseña = 198968057
Dinero = 1743
Precio_Entrada = 350
Precio = 890000
VirtualWorld = 1004
Interior = 11
Tipo = 2
Icono = 49
Comprado = true
Cerrado = false
Entrada_x = 681.719238
Entrada_y = -473.504913
Entrada_z = 16.536296
Salida_x = 501.980987
Salida_y = -69.150199
Salida_z = 998.757812
Stock1 = 928
Entrega_x = 694.419616
Entrega_y = -472.817474
Entrega_z = 16.335937
Stock0 = 965
Stock2 = 1322
Stock3 = 10000
Stock4 = 10000
Stock5 = 10000
Stock6 = 10000
Stock7 = 10000
Stock8 = 10000
Stock9 = 10000
Transferido = Braulyn_Paulino
