[data]
Nombre = OXXO
Dueño = Jean_Block
Contraseña = 75366720
Dinero = 525
Precio_Entrada = 0
Precio = 1
VirtualWorld = 1040
Interior = 17
Tipo = 0
Icono = 19
Comprado = true
Cerrado = false
Entrada_x = 1104.829467
Entrada_y = -1370.030761
Entrada_z = 13.984375
Salida_x = -25.884498
Salida_y = -185.868988
Salida_z = 1003.546875
Transferido = Jean_Block
Entrega_x = 1085.675537
Entrega_y = -1365.568359
Entrega_z = 13.781250
Stock0 = 105
Stock1 = 12
Stock2 = 16
Stock3 = 7
Stock4 = 0
Stock5 = 3
Stock6 = 16
Stock7 = 9
Stock8 = 0
Stock9 = 0
