[data]
Nombre = McBlocks
Dueño = Jean_Block
Contraseña = 75366720
Dinero = 1460
Precio_Entrada = 0
Precio = 1
VirtualWorld = 1041
Interior = 10
Tipo = 3
Icono = 10
Comprado = true
Cerrado = false
Entrada_x = 1119.155151
Entrada_y = -1370.030395
Entrada_z = 13.984375
Salida_x = 363.908813
Salida_y = -74.032203
Salida_z = 1001.507812
Transferido = Jean_Block
Entrega_x = 1085.413085
Entrega_y = -1365.435058
Entrega_z = 13.781250
Stock0 = 42
Stock1 = 4
Stock2 = 0
Stock3 = 0
Stock4 = 0
Stock5 = 0
Stock6 = 0
Stock7 = 0
Stock8 = 0
Stock9 = 0
