[data]
Nombre = Blocks M & T
Dueño = Jean_Block
Contraseña = 75366720
Dinero = 3350
Precio_Entrada = 0
Precio = 1
VirtualWorld = 1042
Interior = 14
Tipo = 5
Icono = 44
Comprado = true
Cerrado = false
Entrada_x = 1126.250610
Entrada_y = -1370.031250
Entrada_z = 13.984375
Salida_x = -1698.000000
Salida_y = 1880.500000
Salida_z = 1068.800048
Transferido = Jean_Block
Entrega_x = 1085.702758
Entrega_y = -1365.625000
Entrega_z = 13.781250
Stock0 = 0
Stock1 = 4
Stock2 = 0
Stock3 = 0
Stock4 = 20
Stock5 = 0
Stock6 = 0
Stock7 = 0
Stock8 = 0
Stock9 = 0
