[data]
Nombre = Blocks Farmacia n°2
Dueño = Jean_Block
Contraseña = 75366720
Dinero = 3800
Precio_Entrada = 0
Precio = 1
VirtualWorld = 1043
Interior = 6
Tipo = 7
Icono = 22
Comprado = true
Cerrado = false
Entrada_x = 1133.374145
Entrada_y = -1370.030151
Entrada_z = 13.984375
Salida_x = 172.604507
Salida_y = -64.602302
Salida_z = 963.285888
Transferido = Jean_Block
Entrega_x = 1085.438598
Entrega_y = -1365.242309
Entrega_z = 13.781250
Stock0 = 0
Stock1 = 138
Stock2 = 0
Stock3 = 0
Stock4 = 0
Stock5 = 0
Stock6 = 0
Stock7 = 0
Stock8 = 0
Stock9 = 0
