[data]
Nombre = J & B
Dueño = Jean_Block
Contraseña = 75366720
Dinero = 0
Precio_Entrada = 0
Precio = 1
VirtualWorld = 1044
Interior = 5
Tipo = 1
Icono = 45
Comprado = true
Cerrado = false
Entrada_x = 1111.969482
Entrada_y = -1370.030151
Entrada_z = 13.984375
Salida_x = 226.293991
Salida_y = -7.431529
Salida_z = 1002.210937
Transferido = Jean_Block
Entrega_x = 1085.483764
Entrega_y = -1364.680908
Entrega_z = 13.781250
Stock0 = 0
Stock1 = 0
Stock2 = 0
Stock3 = 0
Stock4 = 0
Stock5 = 0
Stock6 = 0
Stock7 = 0
Stock8 = 0
Stock9 = 0
