[data]
Nombre = Papo's Station
Dueño = Papo_Valdez
Contraseña = 0
Dinero = 32903
Precio_Entrada = 0
Precio = 1
VirtualWorld = 1045
Interior = 16
Tipo = 8
Icono = 19
Comprado = true
Cerrado = false
Entrada_x = 2045.037597
Entrada_y = -1913.215332
Entrada_z = 13.546875
Salida_x = -25.896600
Salida_y = -140.895095
Salida_z = 1003.546020
Transferido = 
Entrega_x = 2031.250732
Entrega_y = -1912.953857
Entrega_z = 13.546875
Stock0 = 47
Stock1 = 47
Stock2 = 48
Stock3 = 41
Stock4 = 86
Stock5 = 45
Stock6 = 48
Stock7 = 32
Stock8 = 20
Stock9 = 0
