[data]
Nombre = Burger Shot
Dueño = 
Contraseña = 0
Dinero = 165
Precio_Entrada = 0
Precio = 999999999
VirtualWorld = 1046
Interior = 10
Tipo = 3
Icono = 10
Comprado = false
Cerrado = false
Entrada_x = 2045.037963
Entrada_y = -1918.554321
Entrada_z = 13.546875
Salida_x = 363.908813
Salida_y = -74.032203
Salida_z = 1001.507812
Transferido = 
Entrega_x = 2030.356933
Entrega_y = -1913.237792
Entrega_z = 13.546875
