[data]
Nombre = farmacia
Dueño = 
Contraseña = 0
Dinero = 0
Precio_Entrada = 0
Precio = 999999999
VirtualWorld = 1047
Interior = 6
Tipo = 7
Icono = 22
Comprado = false
Cerrado = false
Entrada_x = 2045.037597
Entrada_y = -1908.050048
Entrada_z = 13.546875
Salida_x = 172.604507
Salida_y = -64.602302
Salida_z = 963.285888
Transferido = 
Entrega_x = 2029.525634
Entrega_y = -1914.162353
Entrega_z = 13.554046
