[data]
Nombre = Ammunation
Dueño = 
Contraseña = 0
Dinero = 0
Precio_Entrada = 0
Precio = 1410065407
VirtualWorld = 1048
Interior = 7
Tipo = 4
Icono = 6
Comprado = false
Cerrado = false
Entrada_x = 1368.917236
Entrada_y = -1279.797363
Entrada_z = 13.546875
Salida_x = 314.820983
Salida_y = -141.431991
Salida_z = 999.601562
Transferido = 
Entrega_x = 1367.313110
Entrega_y = -1257.759155
Entrega_z = 13.546875
