[data]
Stock0 = 46
Stock1 = 47
Stock2 = 43
Stock3 = 43
Stock4 = 44
Stock5 = 44
Stock6 = 48
Stock7 = 40
Stock8 = 30
Stock9 = 10
Nombre = [Gasolinera Privada]
Dueño = Oscar_Granados
Contraseña = 31719617
Dinero = 650
Precio_Entrada = 0
Precio = 930000
VirtualWorld = 1005
Interior = 16
Tipo = 8
Icono = 19
Comprado = true
Cerrado = false
Entrada_x = -2231.582275
Entrada_y = -2558.278076
Entrada_z = 31.921875
Salida_x = -25.896600
Salida_y = -140.895095
Salida_z = 1003.546020
Transferido = Oscar_Granados
