[data]
Nombre = Cripiani 24/7
Dueño = Guille_Cripiani
Contraseña = 33423565
Dinero = 5964
Precio_Entrada = 0
Precio = 1
VirtualWorld = 1052
Interior = 16
Tipo = 8
Icono = 19
Comprado = true
Cerrado = false
Entrada_x = 593.488708
Entrada_y = -1523.304809
Entrada_z = 15.104454
Salida_x = -25.896600
Salida_y = -140.895095
Salida_z = 1003.546020
Entrega_x = 614.628906
Entrega_y = -1551.885864
Entrega_z = 15.520361
Stock0 = 34
Stock1 = 42
Stock2 = 40
Stock3 = 26
Stock4 = 3
Stock5 = 21
Stock6 = 35
Stock7 = 0
Stock8 = 0
Stock9 = 50
Transferido = Guille_Cripiani
