[data]
Nombre = " FARMACITY   24/7 "
Dueño = Emilio_Gonzalez
Contraseña = 3276850
Dinero = 1600
Precio_Entrada = 0
Precio = 1
VirtualWorld = 1053
Interior = 6
Tipo = 7
Icono = 22
Comprado = true
Cerrado = false
Entrada_x = 606.581848
Entrada_y = -1458.452880
Entrada_z = 14.380699
Salida_x = 172.604507
Salida_y = -64.602302
Salida_z = 963.285888
Entrega_x = 611.586364
Entrega_y = -1429.900146
Entrega_z = 14.019226
Stock0 = 251
Stock1 = 72
Stock2 = 0
Stock3 = 0
Stock4 = 0
Stock5 = 0
Stock6 = 0
Stock7 = 0
Stock8 = 0
Stock9 = 0
Transferido = Emilio_Gonzalez
