[data]
Nombre = "Texaco Romero".
Dueño = Leo_Romero
Contraseña = 33292492
Dinero = 14296
Precio_Entrada = 0
Precio = 1020000
VirtualWorld = 1006
Interior = 16
Tipo = 8
Icono = 19
Comprado = true
Cerrado = false
Entrada_x = 1000.143981
Entrada_y = -919.969787
Entrada_z = 42.328125
Salida_x = -25.896600
Salida_y = -140.895095
Salida_z = 1003.546020
Stock6 = 173
Stock3 = 292
Stock4 = 227
Stock5 = 195
Stock8 = 297
Stock2 = 176
Stock7 = 269
Stock1 = 188
Stock0 = 164
Entrega_x = 993.714538
Entrega_y = -920.412658
Entrega_z = 42.179687
Stock9 = 10
Transferido = Leo_Romero
