[data]
Nombre = |·|Cripiani's Shop|·|
Dueño = Guille_Cripiani
Contraseña = 33423565
Dinero = 1652
Precio_Entrada = 0
Precio = 520000
VirtualWorld = 1007
Interior = 3
Tipo = 1
Icono = 45
Comprado = true
Cerrado = false
Entrada_x = 499.672363
Entrada_y = -1360.284667
Entrada_z = 16.338970
Salida_x = 207.054992
Salida_y = -138.804992
Salida_z = 1003.507812
Stock0 = 0
Stock1 = 5265
Entrega_x = 505.644714
Entrega_y = -1358.093750
Entrega_z = 16.125158
Stock2 = 10000
Stock3 = 10000
Stock4 = 10000
Stock5 = 10000
Stock6 = 10000
Stock7 = 10000
Stock8 = 10000
Stock9 = 10000
Transferido = Guille_Cripiani
