[data]
Nombre = [$] Ikea Clawson [$]
Dueño = Lance_Clawson
Contraseña = 3276850
Dinero = 12600
Precio_Entrada = 0
Precio = 1
VirtualWorld = 1008
Interior = 14
Tipo = 5
Icono = 44
Comprado = true
Cerrado = false
Entrada_x = 1081.243164
Entrada_y = -1696.783813
Entrada_z = 13.546875
Salida_x = -1698.000000
Salida_y = 1880.500000
Salida_z = 1068.800048
Stock0 = 9
Stock1 = 8
Stock4 = 31
Stock3 = 1
Stock2 = 128
Entrega_x = 1080.398437
Entrega_y = -1706.355346
Entrega_z = 13.546875
Stock5 = 110
Stock6 = 10
Stock7 = 10
Stock8 = 10
Stock9 = 10000
Transferido = Lance_Clawson
