[data]
Nombre = La Mejor Tienda!
Dueño = Daniel_Cerven
Contraseña = 125436331
Dinero = 42156
Precio_Entrada = 0
Precio = 730000
VirtualWorld = 1009
Interior = 3
Tipo = 1
Icono = 45
Comprado = true
Cerrado = false
Entrada_x = 454.195617
Entrada_y = -1477.963256
Entrada_z = 30.813348
Salida_x = 207.054992
Salida_y = -138.804992
Salida_z = 1003.507812
Transferido = Servio_Coulds
Entrega_x = 452.881591
Entrega_y = -1474.665405
Entrega_z = 30.707389
Stock0 = 0
Stock1 = 0
Stock2 = 0
Stock3 = 0
Stock4 = 0
Stock5 = 0
Stock6 = 0
Stock7 = 0
Stock8 = 0
Stock9 = 0
