[data]
Nombre = | Oficinas Wolf |
Dueño = Agustin_Wolf
Contraseña = 234226281
Dinero = 0
Precio = 39000
VirtualWorld = 200
Interior = 9
Comprada = true
Cerrada = true
Entrada_x = 2067.562744
Entrada_y = -1643.754638
Entrada_z = 14.136316
Salida_x = 275.740203
Salida_y = 1237.718383
Salida_z = 1084.257812
Caja_Fuerte_x = 0.000000
Caja_Fuerte_y = 0.000000
Caja_Fuerte_z = 0.000000
Familia = 0
Ropa_0 = 0
Ropa_1 = 0
Ropa_2 = 0
Ropa_3 = 0
Ropa_4 = 0
Ropa_5 = 0
Ropa_6 = 0
Ropa_7 = 0
Ropa_8 = 0
Ropa_9 = 0
Contraseña_puerta = 542
ObjData_0 = 1502|270.682|1247.050|1083.258|0.000|0.000|89.900
ObjData_1 = 1502|271.245|1250.964|1083.239|0.000|0.000|0.000
ObjData_2 = 2149|0.000|0.000|0.000|0.098|-0.400|177.098
ObjData_3 = 2086|278.503|1240.967|1083.649|0.000|0.000|0.000
ObjData_4 = 2079|0.000|0.000|0.000|-1.699|0.699|-93.399
ObjData_5 = 2079|0.000|0.000|0.000|0.000|0.000|0.000
ObjData_6 = 19173|0.000|0.000|0.000|0.000|0.000|-89.900
ObjData_7 = 19166|0.000|0.000|0.000|0.000|0.000|0.000
Arm0 = 0
ArmD0 = 0
ObjData_8 = 2313|274.325|1240.395|1083.209|0.000|0.000|88.699
ObjData_9 = 2165|0.000|0.000|0.000|-0.799|-0.100|89.402
ObjData_10 = 2356|0.000|0.000|0.000|0.000|0.000|94.300
ObjData_11 = 2103|0.000|0.000|0.000|0.000|0.000|-152.600
ObjData_12 = 2300|271.582|1255.619|1083.299|0.000|0.000|-90.499
ObjData_13 = 1502|273.702|1245.624|1083.269|0.000|0.000|88.099
ObjData_14 = 1502|0.000|0.000|0.000|0.000|0.000|91.800
ObjData_15 = 1502|0.000|0.000|0.000|0.000|0.000|86.899
ObjData_16 = 1502|0.000|0.000|0.000|0.000|0.000|-88.999
ObjData_17 = 2312|274.364|1240.966|1084.117|0.000|0.000|85.000
ObjData_18 = 2130|275.879|1249.891|1083.175|0.000|0.000|0.000
ObjData_19 = 2128|274.882|1249.860|1083.287|0.000|0.000|0.000
ObjData_20 = 2294|0.000|0.000|0.000|0.000|0.000|0.000
ObjData_21 = 2129|0.000|0.000|0.000|0.000|0.000|-179.199
ObjData_22 = 2127|0.000|0.000|0.000|0.000|0.000|92.199
ObjData_23 = 2167|269.268|1251.627|1083.260|0.000|0.000|131.199
ObjData_24 = 1753|280.474|1241.989|1083.229|0.000|0.000|-90.399
ObjData_25 = 2525|269.713|1249.322|1083.308|0.000|0.000|0.000
ObjData_26 = 2524|268.326|1249.353|1083.109|0.000|0.000|0.000
ObjData_27 = 2527|267.352|1248.311|1083.219|0.000|0.000|0.000
ObjData_28 = 1208|0.000|0.000|0.000|0.097|0.097|179.998
ObjData_29 = 1409|0.000|0.000|0.000|0.000|0.000|0.000
ObjData_30 = 2069|280.633|1243.885|1083.328|0.000|0.000|0.000
ObjData_31 = 19166|0.000|0.000|0.000|0.000|0.000|0.000
ObjData_32 = 19172|0.000|0.000|0.000|0.000|0.000|-89.599
ObjData_33 = 1828|278.467|1240.861|1083.239|0.000|0.000|-91.899
ObjData_34 = 16779|279.135|1241.277|1086.839|0.000|0.000|0.000
ObjData_35 = 2161|0.000|0.000|0.000|0.000|0.000|-91.000
Arm1 = 0
ArmD1 = 0
Arm2 = 0
ArmD2 = 0
Arm3 = 0
ArmD3 = 0
Arm4 = 0
ArmD4 = 0
Arm5 = 0
ArmD5 = 0
Arm6 = 102
ArmD6 = 0
Arm7 = 102
ArmD7 = 0
Arm8 = 102
ArmD8 = 0
Arm9 = 102
ArmD9 = 0
Arm10 = 0
ArmD10 = 0
Arm11 = 0
ArmD11 = 0
ObjData_36 = 2161|0.000|0.000|0.000|-0.298|-1.299|85.699
ObjData_37 = 2079|0.000|0.000|0.000|-0.098|1.598|88.400
ObjData_38 = 2202|0.000|0.000|0.000|0.000|0.000|91.399
ObjData_39 = 1742|0.000|0.000|0.000|0.000|0.000|-89.198
ObjData_40 = 1765|280.187|1239.121|1083.169|0.000|0.000|-152.699
ObjData_41 = 1765|279.321|1243.265|1083.178|0.000|-0.099|-28.100
Transferida = Agustin_Wolf
