[data]
Nombre = Mirtha Legrand PASIÓN
Dueño = Juan_Campoy
Contraseña = 32964810
Dinero = 0
Precio = 63000
VirtualWorld = 205
Interior = 3
Comprada = true
Cerrada = true
Entrada_x = 1980.993408
Entrada_y = -1682.806274
Entrada_z = 17.053693
Salida_x = 2496.000000
Salida_y = -1692.079956
Salida_z = 1014.739990
Caja_Fuerte_x = 0.000000
Caja_Fuerte_y = 0.000000
Caja_Fuerte_z = 0.000000
Familia = 0
Ropa_0 = 0
Ropa_1 = 0
Ropa_2 = 0
Ropa_3 = 0
Ropa_4 = 0
Ropa_5 = 0
Ropa_6 = 0
Ropa_7 = 0
Ropa_8 = 0
Ropa_9 = 0
Contraseña_puerta = 2345
ObjData_0 = 2165|2490.774|-1707.947|1017.362|-2.700|0.100|91.000
ObjData_1 = 2161|2499.876|-1708.704|1018.787|0.000|0.000|178.300
ObjData_2 = 19354|0.000|0.000|0.000|2.099|-9.800|-93.099
ObjData_3 = 1502|2491.617|-1705.987|1017.283|-0.799|-0.298|-2.500
ObjData_4 = 1409|2492.292|-1712.298|1013.833|0.000|0.000|120.799
ObjData_5 = 1817|2492.485|-1696.362|1013.721|0.000|0.000|3.098
ObjData_6 = 2316|2490.875|-1695.902|1014.544|-0.799|0.300|93.500
ObjData_7 = 2079|2494.083|-1708.157|1014.381|0.000|0.000|0.000
ObjData_8 = 2079|2493.239|-1709.062|1014.351|0.000|0.000|-93.100
ObjData_9 = 2356|2495.179|-1704.803|1017.363|0.000|0.000|-88.699
ObjData_10 = 2167|2496.035|-1699.729|1017.367|0.298|-0.098|0.999
ObjData_11 = 1761|2493.685|-1704.497|1013.721|0.000|0.000|-179.899
ObjData_12 = 2322|2492.081|-1705.589|1016.707|11.899|0.000|35.800
ObjData_13 = 1808|2490.790|-1700.383|1017.483|0.000|0.000|60.900
Arma_0 = 0
Arma_1 = 0
Arma_2 = 0
Arma_3 = 0
Arma_4 = 0
Arma_5 = 0
Arma_6 = 0
Arma_7 = 0
Arma_8 = 0
Arma_9 = 0
Bala_0 = 0
Bala_1 = 0
Bala_2 = 0
Bala_3 = 0
Bala_4 = 0
Bala_5 = 0
Bala_6 = 0
Bala_7 = 0
Bala_8 = 0
Bala_9 = 0
ObjData_14 = 2165|2496.331|-1704.207|1017.283|0.000|0.000|-89.300
ObjData_15 = 19166|2490.447|-1703.674|1016.031|90.299|-3.998|94.499
ObjData_16 = 1828|2492.217|-1705.749|1017.423|0.000|0.398|-92.799
ObjData_17 = 2120|2490.846|-1707.324|1017.831|0.000|0.000|0.000
ObjData_18 = 2964|2493.207|-1701.483|1013.772|0.000|0.000|3.000
ObjData_19 = 2133|2498.280|-1705.739|1013.741|0.000|0.000|0.000
ObjData_20 = 2779|2497.702|-1704.170|1013.741|0.000|0.000|-145.600
ObjData_21 = 19384|2495.954|-1705.268|1015.309|0.000|0.399|91.000
ObjData_22 = 2298|0.000|0.000|0.000|0.000|0.000|0.300
ObjData_23 = 1762|2490.829|-1701.861|1017.263|0.000|0.000|90.399
ObjData_24 = 1762|2491.415|-1700.253|1017.273|0.000|0.000|0.000
ObjData_25 = 19317|2498.348|-1698.124|1016.046|0.000|43.398|-88.699
ObjData_26 = 1808|2497.160|-1712.404|1013.722|0.000|0.000|178.700
ObjData_27 = 1502|2495.182|-1705.299|1013.581|0.000|0.000|0.000
ObjData_28 = 1742|2498.528|-1694.676|1013.786|0.000|0.000|-91.899
ObjData_29 = 19354|0.000|0.000|0.000|0.000|0.000|0.000
ObjData_30 = 2149|2498.160|-1705.534|1014.952|0.000|0.000|0.000
ObjData_31 = 2313|2490.913|-1696.592|1013.705|0.101|-0.400|89.902
ObjData_32 = 16779|2494.925|-1698.825|1017.313|0.000|0.000|0.000
ObjData_33 = 1726|2497.853|-1697.328|1013.761|0.000|0.000|-90.000
Arm0 = 64
ArmD0 = 784885
ObjData_34 = 1839|2490.658|-1695.251|1015.612|0.000|0.000|1.000
ObjData_35 = 1840|2490.566|-1695.927|1015.990|0.298|0.699|-176.199
ObjData_36 = 1840|2490.523|-1694.535|1016.002|0.000|0.000|-177.799
ObjData_37 = 1649|0.000|0.000|0.000|0.000|0.000|0.000
ObjData_38 = 1753|2491.697|-1694.183|1013.587|0.000|-0.199|-0.498
ObjData_39 = 1753|2493.815|-1697.526|1013.601|0.000|0.000|-174.798
ObjData_40 = 19173|2490.536|-1695.237|1016.222|0.000|0.000|-87.999
ObjData_41 = 1649|2493.326|-1705.890|1021.424|0.000|0.000|178.999
ObjData_42 = 19400|0.000|0.000|0.000|0.000|0.000|0.000
ObjData_43 = 0|0.000|0.000|0.000|0.000|0.000|0.000
ObjData_44 = 0|0.000|0.000|0.000|0.000|0.000|0.000
ObjData_45 = 0|0.000|0.000|0.000|0.000|0.000|0.000
ObjData_46 = 0|0.000|0.000|0.000|0.000|0.000|0.000
Arm1 = 4
ArmD1 = 7
Arm2 = 75
ArmD2 = 21
Arm3 = 23
ArmD3 = 0
Arm4 = 23
ArmD4 = 0
Arm5 = 67
ArmD5 = 0
Arm6 = 73
ArmD6 = 40
Arm7 = 4
ArmD7 = 7
Arm8 = 76
ArmD8 = 0
Arm9 = 75
ArmD9 = 8
Arm10 = 85
ArmD10 = 2
Arm11 = 73
ArmD11 = 51
Transferida = Juan_Campoy
