[data]
Nombre = "Familia Flete"
Dueño = Raimundo_Flete
Contraseña = 32899275
Dinero = 0
Precio = 29000
VirtualWorld = 206
Interior = 2
Comprada = true
Cerrada = true
Entrada_x = 1970.054077
Entrada_y = -1671.199096
Entrada_z = 15.968750
Salida_x = 266.499664
Salida_y = 304.954559
Salida_z = 999.148437
Caja_Fuerte_x = 0.000000
Caja_Fuerte_y = 0.000000
Caja_Fuerte_z = 0.000000
Familia = 0
Ropa_0 = 0
Ropa_1 = 0
Ropa_2 = 0
Ropa_3 = 0
Ropa_4 = 0
Ropa_5 = 0
Ropa_6 = 0
Ropa_7 = 0
Ropa_8 = 0
Ropa_9 = 0
Contraseña_puerta = 2107
ObjData_0 = 0|0.000|0.000|0.000|0.000|0.000|0.000
ObjData_1 = 0|0.000|0.000|0.000|0.000|0.000|0.000
ObjData_2 = 0|0.000|0.000|0.000|0.000|0.000|0.000
ObjData_3 = 0|0.000|0.000|0.000|0.000|0.000|0.000
ObjData_4 = 0|0.000|0.000|0.000|0.000|0.000|0.000
ObjData_5 = 1998|267.697|302.659|998.098|0.000|0.000|86.699
ObjData_6 = 1724|268.170|304.047|998.125|0.000|0.000|-90.899
ObjData_7 = 1724|273.757|306.514|998.077|0.000|0.000|-92.100
ObjData_8 = 1649|270.071|302.087|1001.529|0.000|0.000|-179.999
Arm0 = 76
ArmD0 = 10
Arm1 = 0
ArmD1 = 0
Arm2 = 0
ArmD2 = 0
Arm3 = 0
ArmD3 = 0
Arm4 = 0
ArmD4 = 0
Arm5 = 0
ArmD5 = 0
ObjData_9 = 19357|270.067|301.996|1001.597|-90.300|-0.600|-90.600
ObjData_10 = 2229|272.168|301.685|1000.335|0.000|0.000|177.299
ObjData_11 = 2229|267.351|301.656|1000.376|0.000|0.000|-178.200
ObjData_12 = 0|0.000|0.000|0.000|0.000|0.000|0.000
ObjData_13 = 0|0.000|0.000|0.000|0.000|0.000|0.000
ObjData_14 = 2161|273.309|302.502|998.210|1.400|0.999|3.499
ObjData_15 = 0|0.000|0.000|0.000|0.000|0.000|0.000
ObjData_16 = 0|0.000|0.000|0.000|0.000|0.000|0.000
ObjData_17 = 0|0.000|0.000|0.000|0.000|0.000|0.000
ObjData_18 = 0|0.000|0.000|0.000|0.000|0.000|0.000
ObjData_19 = 0|0.000|0.000|0.000|0.000|0.000|0.000
ObjData_20 = 1738|277.173|305.073|999.148|0.000|0.000|-100.198
ObjData_21 = 0|0.000|0.000|0.000|0.000|0.000|0.000
ObjData_22 = 0|0.000|0.000|0.000|0.000|0.000|0.000
ObjData_23 = 0|0.000|0.000|0.000|0.000|0.000|0.000
ObjData_24 = 0|0.000|0.000|0.000|0.000|0.000|0.000
ObjData_25 = 0|0.000|0.000|0.000|0.000|0.000|0.000
ObjData_26 = 0|0.000|0.000|0.000|0.000|0.000|0.000
ObjData_27 = 0|0.000|0.000|0.000|0.000|0.000|0.000
ObjData_28 = 0|0.000|0.000|0.000|0.000|0.000|0.000
ObjData_29 = 0|0.000|0.000|0.000|0.000|0.000|0.000
ObjData_30 = 0|0.000|0.000|0.000|0.000|0.000|0.000
ObjData_31 = 0|0.000|0.000|0.000|0.000|0.000|0.000
ObjData_32 = 0|0.000|0.000|0.000|0.000|0.000|0.000
Arm6 = 0
ArmD6 = 0
Arm7 = 0
ArmD7 = 0
Arm8 = 0
ArmD8 = 0
Arm9 = 72
ArmD9 = 5814
Arm10 = 0
ArmD10 = 0
Arm11 = 0
ArmD11 = 0
ObjData_33 = 0|0.000|0.000|0.000|0.000|0.000|0.000
ObjData_34 = 1724|0.000|0.000|0.000|0.000|0.000|92.198
ObjData_35 = 1724|0.000|0.000|0.000|0.000|0.000|0.000
ObjData_36 = 0|0.000|0.000|0.000|0.000|0.000|0.000
ObjData_37 = 0|0.000|0.000|0.000|0.000|0.000|0.000
Transferida = Raimundo_Flete
ObjData_38 = 0|0.000|0.000|0.000|0.000|0.000|0.000
ObjData_39 = 0|0.000|0.000|0.000|0.000|0.000|0.000
