[data]
Nombre = BUGGY CALETA!
Dueño = Gianluca_Polo
Contraseña = 392233951
Dinero = 971
Precio = 46000
VirtualWorld = 212
Interior = 1
Comprada = true
Cerrada = true
Entrada_x = 1969.356933
Entrada_y = -1654.714965
Entrada_z = 15.968750
Salida_x = 223.414306
Salida_y = 1273.432006
Salida_z = 1082.140014
Caja_Fuerte_x = 0.000000
Caja_Fuerte_y = 0.000000
Caja_Fuerte_z = 0.000000
Familia = 0
Ropa_0 = 0
Ropa_1 = 0
Ropa_2 = 0
Ropa_3 = 0
Ropa_4 = 0
Ropa_5 = 0
Ropa_6 = 0
Ropa_7 = 0
Ropa_8 = 0
Ropa_9 = 0
Contraseña_puerta = 5834
ObjData_0 = 2069|234.253|1272.117|1081.187|0.000|0.000|-88.599
ObjData_1 = 1760|223.380|1279.505|1081.107|0.000|0.000|0.000
ObjData_2 = 2779|227.247|1273.674|1081.135|0.000|0.000|-92.601
ObjData_3 = 2112|229.871|1273.245|1081.484|0.000|0.000|53.200
ObjData_4 = 2120|228.933|1273.944|1081.754|-0.100|0.000|141.099
ObjData_5 = 2120|230.622|1272.521|1081.766|0.000|0.000|-36.899
ObjData_6 = 2120|230.919|1271.683|1083.525|2.800|84.799|88.699
ObjData_7 = 19166|219.607|1275.416|1082.920|90.698|93.198|-0.100
ObjData_8 = 2964|0.000|0.000|0.000|0.000|0.000|88.097
ObjData_9 = 1717|231.633|1272.354|1082.778|0.000|0.000|131.999
ObjData_10 = 2028|233.874|1275.659|1082.137|0.000|0.000|0.000
ObjData_11 = 1828|224.281|1277.635|1081.139|0.000|0.000|0.000
ObjData_12 = 1808|233.939|1273.110|1081.126|0.000|0.000|-93.198
ObjData_13 = 2149|232.990|1277.776|1082.296|0.000|0.000|-20.798
ObjData_14 = 1502|221.502|1278.492|1081.156|0.400|-0.200|90.499
ObjData_15 = 2525|217.757|1273.094|1081.267|0.000|0.000|86.399
ObjData_16 = 2524|218.040|1275.927|1081.337|0.000|2.599|4.399
ObjData_17 = 2526|217.414|1274.711|1081.157|0.000|0.000|90.199
ObjData_18 = 2298|0.000|0.000|0.000|0.000|-0.300|-91.199
ObjData_19 = 1755|223.525|1275.410|1081.126|0.000|0.000|149.299
ObjData_20 = 1755|225.738|1275.839|1081.137|0.000|0.000|-153.200
ObjData_21 = 1755|226.449|1278.022|1081.149|-1.299|0.000|-90.099
ObjData_22 = 2069|227.163|1279.345|1081.177|0.000|0.000|0.000
ObjData_23 = 1502|227.800|1275.119|1081.125|0.000|0.000|90.198
ObjData_24 = 2298|220.486|1277.169|1081.177|0.000|0.000|90.299
ObjData_25 = 19173|218.302|1276.707|1082.988|0.000|0.000|0.000
ObjData_26 = 2161|220.906|1277.311|1081.137|0.000|0.000|91.299
ObjData_27 = 1717|255.669|1208.083|1082.687|0.000|0.000|151.899
Arma_0 = 0
Arma_1 = 25
Arma_2 = 34
Arma_3 = 0
Arma_4 = 41
Arma_5 = 0
Arma_6 = 0
Arma_7 = 0
Arma_8 = 0
Arma_9 = 0
Bala_0 = 0
Bala_1 = 24
Bala_2 = 20
Bala_3 = 0
Bala_4 = 431
Bala_5 = 0
Bala_6 = 0
Bala_7 = 0
Bala_8 = 0
Bala_9 = 0
Arm0 = 13
ArmD0 = 3
ObjData_28 = 19317|0.000|0.000|0.000|0.000|0.000|0.000
ObjData_29 = 2299|0.000|0.000|0.000|0.000|0.000|0.000
ObjData_30 = 2134|233.945|1277.488|1081.137|0.000|0.000|-0.199
ObjData_31 = 2133|232.932|1277.526|1081.107|0.000|0.000|1.300
ObjData_32 = 2131|229.936|1277.444|1079.596|0.000|0.000|2.000
ObjData_33 = 2130|229.950|1277.308|1081.107|0.000|0.000|1.900
ObjData_34 = 1502|219.414|1273.024|1081.108|1.500|0.000|95.300
Arm1 = 47
ArmD1 = 1
Arm2 = 3
ArmD2 = 0
Arm3 = 73
ArmD3 = 370
Arm4 = 115
ArmD4 = 18
Arm5 = 8
ArmD5 = 24
Arm6 = 8
ArmD6 = 30
Arm7 = 67
ArmD7 = 0
Arm8 = 4
ArmD8 = 0
Transferida = Derek_Finnegan
Arm9 = 66
ArmD9 = 0
Arm10 = 35
ArmD10 = 7
Arm11 = 0
ArmD11 = 0
ObjData_35 = 1826|233.972|1274.679|1081.178|0.699|-0.299|89.200
ObjData_36 = 0|0.000|0.000|0.000|0.000|0.000|0.000
ObjData_37 = 2017|231.937|1277.679|1081.157|0.000|0.000|1.199
ObjData_38 = 2118|223.919|1277.680|1080.947|0.000|0.000|0.000
ObjData_39 = 19354|0.000|0.000|0.000|0.000|0.000|0.000
