[data]
Nombre = AyM
Dueño = Amy_Shirokov
Contraseña = 19726487
Dinero = 0
Precio = 46000
VirtualWorld = 213
Interior = 1
Comprada = true
Cerrada = false
Entrada_x = 1973.361938
Entrada_y = -1654.668945
Entrada_z = 15.968750
Salida_x = 223.414306
Salida_y = 1273.432006
Salida_z = 1082.140014
Caja_Fuerte_x = 0.000000
Caja_Fuerte_y = 0.000000
Caja_Fuerte_z = 0.000000
Familia = 0
Ropa_0 = 0
Ropa_1 = 0
Ropa_2 = 0
Ropa_3 = 0
Ropa_4 = 0
Ropa_5 = 0
Ropa_6 = 0
Ropa_7 = 0
Ropa_8 = 0
Ropa_9 = 0
Contraseña_puerta = 1825
ObjData_0 = 2115|224.066|1276.944|1081.127|0.000|0.000|0.000
ObjData_1 = 2079|226.055|1276.959|1081.769|0.000|0.000|0.000
ObjData_2 = 2079|224.106|1276.176|1081.706|-4.600|-3.200|-80.400
ObjData_3 = 2079|225.069|1276.127|1081.797|0.000|0.000|-89.199
ObjData_4 = 2079|223.072|1276.616|1081.817|0.000|0.000|-172.699
ObjData_5 = 2525|218.082|1275.572|1081.287|0.000|0.000|0.000
ObjData_6 = 2161|233.436|1272.200|1081.209|0.599|0.000|3.300
ObjData_7 = 1502|219.495|1274.568|1081.177|2.099|0.000|-85.200
ObjData_8 = 1753|224.258|1279.715|1081.167|0.000|0.000|0.000
ObjData_9 = 2524|217.351|1274.219|1081.126|0.000|0.000|89.800
ObjData_10 = 2627|220.414|1277.959|1081.147|0.000|0.000|89.399
ObjData_11 = 2312|230.957|1271.734|1082.918|0.000|0.000|179.000
ObjData_12 = 2301|231.062|1274.416|1081.157|0.000|0.000|0.000
ObjData_13 = 2322|217.765|1277.014|1083.098|0.000|0.000|173.999
ObjData_14 = 1765|217.081|1279.556|1081.057|0.000|0.000|0.000
ObjData_15 = 1502|227.700|1276.654|1081.187|0.000|0.000|0.000
ObjData_16 = 1808|219.914|1276.138|1081.039|0.000|0.000|87.200
ObjData_17 = 0|0.000|0.000|0.000|0.000|0.000|0.000
ObjData_18 = 1409|227.323|1273.104|1081.289|0.000|0.000|0.000
Arm0 = 3
ArmD0 = 17
Arm1 = 0
ArmD1 = 0
Arm2 = 0
ArmD2 = 0
Arm3 = 0
ArmD3 = 0
Arm4 = 0
ArmD4 = 0
Arm5 = 0
ArmD5 = 0
Arm6 = 0
ArmD6 = 0
Arm7 = 0
ArmD7 = 0
Arm8 = 0
ArmD8 = 0
Arm9 = 0
ArmD9 = 0
Arm10 = 0
ArmD10 = 0
Arm11 = 0
ArmD11 = 0
Transferida = Amy_Shirokov
