[data]
Nombre = Oficina Rangel
Dueño = Pablo_Rojas
Contraseña = 152502934
Dinero = 0
Precio = 29000
VirtualWorld = 214
Interior = 2
Comprada = true
Cerrada = true
Entrada_x = 1967.608398
Entrada_y = -1633.707763
Entrada_z = 15.968750
Salida_x = 266.499664
Salida_y = 304.954559
Salida_z = 999.148437
Caja_Fuerte_x = 0.000000
Caja_Fuerte_y = 0.000000
Caja_Fuerte_z = 0.000000
Familia = 0
Ropa_0 = 0
Ropa_1 = 0
Ropa_2 = 0
Ropa_3 = 0
Ropa_4 = 0
Ropa_5 = 0
Ropa_6 = 0
Ropa_7 = 0
Ropa_8 = 0
Ropa_9 = 0
Contraseña_puerta = 123
ObjData_0 = 16779|270.230|305.009|1002.269|0.000|0.000|0.000
ObjData_1 = 1727|270.046|305.021|998.095|1.299|1.099|89.699
ObjData_2 = 2964|0.000|0.000|0.000|0.000|0.000|179.900
ObjData_3 = 2066|273.715|302.633|998.167|0.000|0.000|-132.299
ObjData_4 = 2186|271.995|302.837|997.854|0.000|-0.299|93.400
ObjData_5 = 1808|271.574|302.411|998.115|0.000|0.000|-119.400
ObjData_6 = 19166|274.187|304.911|1000.559|90.597|-90.597|-1.399
ObjData_7 = 1727|270.067|303.806|998.095|0.000|0.000|90.499
ObjData_8 = 0|267.183|307.032|998.875|0.000|0.000|0.000
Arma_0 = 22
Arma_1 = 5
Arma_2 = 0
Arma_3 = 0
Arma_4 = 0
Arma_5 = 0
Arma_6 = 0
Arma_7 = 0
Arma_8 = 0
Arma_9 = 0
Bala_0 = 80
Bala_1 = 1
Bala_2 = 0
Bala_3 = 0
Bala_4 = 0
Bala_5 = 0
Bala_6 = 0
Bala_7 = 0
Bala_8 = 0
Bala_9 = 0
ObjData_9 = 2161|273.743|303.396|998.128|0.000|0.000|86.799
ObjData_10 = 2010|266.590|302.335|998.197|0.000|0.000|0.000
ObjData_11 = 2099|267.196|307.886|998.237|0.000|0.000|43.399
ObjData_12 = 2231|268.131|308.730|998.225|0.000|0.000|40.600
ObjData_13 = 1502|0.000|0.000|0.000|0.000|0.000|0.000
ObjData_14 = 2086|270.232|308.637|998.518|0.000|0.000|0.000
ObjData_15 = 2356|273.052|305.261|998.138|0.000|0.000|89.099
ObjData_16 = 2207|274.773|308.531|998.207|0.000|0.000|-94.199
ObjData_17 = 19173|269.014|302.107|1001.028|0.000|0.000|0.000
ObjData_18 = 0|0.000|0.000|0.000|0.000|0.000|0.000
ObjData_19 = 0|0.000|0.000|0.000|0.000|0.000|0.000
ObjData_20 = 0|0.000|0.000|0.000|0.000|0.000|0.000
ObjData_21 = 2299|273.197|301.509|997.968|0.000|-2.099|176.199
ObjData_22 = 2316|0.000|0.000|0.000|0.000|0.000|179.300
ObjData_23 = 2165|271.939|304.670|998.213|-1.700|-1.200|91.800
ObjData_24 = 2779|289.493|309.816|998.228|0.000|0.000|39.999
Arm0 = 0
ArmD0 = 0
Arm5 = 0
ArmD5 = 0
Arm1 = 0
ArmD1 = 0
Arm2 = 0
ArmD2 = 0
Arm3 = 0
ArmD3 = 0
Arm4 = 76
ArmD4 = 6
Arm6 = 0
ArmD6 = 0
Arm7 = 0
ArmD7 = 0
Arm8 = 64
ArmD8 = 426016
Arm9 = 64
ArmD9 = 928872
Arm10 = 0
ArmD10 = 0
Arm11 = 0
ArmD11 = 0
Transferida = Pablo_Rojas
ObjData_25 = 16779|0.000|0.000|0.000|0.000|0.000|0.000
ObjData_26 = 2162|0.000|0.000|0.000|0.000|0.000|0.000
ObjData_27 = 2190|0.000|0.000|0.000|0.000|0.000|0.000
ObjData_28 = 19166|0.000|0.000|0.000|0.000|0.000|0.000
ObjData_29 = 2002|0.000|0.000|0.000|0.000|0.000|0.000
