[data]
Nombre = La Cueva
Dueño = Josahandi_Rodriguez
Contraseña = 35324122
Dinero = 0
Precio = 30000
VirtualWorld = 216
Interior = 1
Comprada = true
Cerrada = true
Entrada_x = 1976.014038
Entrada_y = -1634.006469
Entrada_z = 16.211059
Salida_x = 223.414306
Salida_y = 1273.432006
Salida_z = 1082.140014
Familia = 0
Contraseña_puerta = 2016
Arma_0 = 29
Arma_1 = 23
Arma_2 = 32
Arma_3 = 29
Arma_4 = 0
Arma_5 = 0
Arma_6 = 0
Arma_7 = 0
Arma_8 = 0
Arma_9 = 0
Bala_0 = 129
Bala_1 = 109
Bala_2 = 232
Bala_3 = 150
Bala_4 = 0
Bala_5 = 0
Bala_6 = 0
Bala_7 = 0
Bala_8 = 0
Bala_9 = 0
ObjData_0 = 2165|234.060|1273.395|1081.227|0.000|0.000|-93.198
ObjData_1 = 2298|229.896|1274.150|1081.107|0.000|0.000|0.000
ObjData_4 = 1726|225.850|1276.758|1081.124|0.700|0.499|177.799
ObjData_5 = 1727|226.606|1278.886|1081.196|0.000|1.500|-82.398
ObjData_6 = 2115|217.548|1277.194|1081.084|-0.398|2.598|3.197
ObjData_7 = 2079|227.157|1273.683|1081.736|0.000|0.000|0.000
ObjData_8 = 2079|218.317|1277.857|1081.736|3.499|-0.400|90.401
ObjData_9 = 2079|224.590|1274.046|1081.792|3.899|4.998|173.998
ObjData_10 = 2079|225.720|1274.921|1081.795|-0.798|0.799|88.101
ObjData_11 = 2356|233.417|1272.807|1081.186|0.000|0.000|-95.899
ObjData_12 = 2525|218.369|1275.807|1081.125|0.000|0.000|0.000
ObjData_13 = 2527|218.309|1274.604|1081.109|0.000|0.000|91.099
ObjData_14 = 1727|220.041|1275.071|1081.137|0.000|0.000|85.499
ObjData_15 = 1742|221.568|1272.634|1081.136|0.298|0.000|-179.798
ObjData_16 = 2524|218.731|1275.851|1081.126|0.000|0.000|-87.399
ObjData_17 = 2322|231.124|1272.234|1083.537|12.499|0.000|-177.500
ObjData_2 = 2141|216.897|1279.541|1080.787|0.000|0.000|0.000
ObjData_3 = 2132|217.864|1279.551|1081.067|0.000|0.000|0.000
ObjData_18 = 19166|225.963|1272.816|1082.980|89.799|-5.699|-176.298
Arm0 = 17
ArmD0 = 100
Arm1 = 103
ArmD1 = 0
Arm2 = 0
ArmD2 = 0
Arm3 = 75
ArmD3 = 10
Arm4 = 0
ArmD4 = 0
Arm5 = 0
ArmD5 = 0
Arm6 = 0
ArmD6 = 0
Arm7 = 0
ArmD7 = 0
Arm8 = 0
ArmD8 = 0
Arm9 = 0
ArmD9 = 0
Arm10 = 0
ArmD10 = 0
ObjData_19 = 2030|225.841|1273.669|1081.539|0.000|0.000|0.000
ObjData_20 = 1502|228.097|1276.659|1081.117|0.000|0.000|-93.200
ObjData_21 = 1502|219.195|1274.492|1081.139|0.000|0.000|-85.699
ObjData_22 = 2316|224.829|1279.577|1081.996|0.100|0.000|8.399
ObjData_23 = 2313|224.150|1279.584|1081.136|0.000|0.000|0.000
ObjData_24 = 1744|0.000|0.000|0.000|0.000|0.000|0.000
Arm11 = 0
ArmD11 = 0
Transferida = Josahandi_Rodriguez
