[data]
Nombre = MANSIÓN EN REMODELACIÓN
Dueño = Austin_Joa
Contraseña = 33685707
Dinero = 0
Precio = 950000
VirtualWorld = 113
Interior = 7
Comprada = true
Cerrada = true
Entrada_x = 980.533203
Entrada_y = -677.235107
Entrada_z = 121.976257
Salida_x = 250.445693
Salida_y = 995.373413
Salida_z = 1084.726562
Caja_Fuerte_x = 0.000000
Caja_Fuerte_y = 0.000000
Caja_Fuerte_z = 0.000000
Familia = 0
Ropa_0 = 0
Ropa_1 = 0
Ropa_2 = 0
Ropa_3 = 0
Ropa_4 = 0
Ropa_5 = 0
Ropa_6 = 0
Ropa_7 = 0
Ropa_8 = 0
Ropa_9 = 0
Contraseña_puerta = 4321
ObjData_0 = 1502|230.672|980.803|1087.922|0.599|0.300|87.399
ObjData_1 = 2964|237.287|988.178|1083.013|0.000|0.000|-91.099
ObjData_2 = 1723|0.000|0.000|0.000|-90.500|0.000|0.000
ObjData_3 = 1723|0.000|0.000|0.000|-90.199|-0.299|0.000
ObjData_4 = 1723|0.000|0.000|0.000|0.000|0.000|-90.500
ObjData_5 = 1723|0.000|0.000|0.000|0.000|0.000|0.699
ObjData_6 = 1723|0.000|0.000|0.000|0.000|-0.398|91.000
ObjData_7 = 1724|0.000|0.000|0.000|0.000|0.000|-90.597
ObjData_8 = 1724|0.000|0.000|0.000|0.000|0.000|-177.498
ObjData_9 = 2086|0.000|0.000|0.000|0.000|0.899|0.300
ObjData_10 = 1723|0.000|0.000|0.000|0.000|0.000|89.299
ObjData_11 = 1723|0.000|0.000|0.000|0.000|0.000|90.999
ObjData_12 = 2165|0.000|0.000|0.000|0.000|0.000|0.000
ObjData_13 = 1723|0.000|0.000|0.000|0.000|0.000|0.000
ObjData_14 = 1724|0.000|0.000|0.000|0.000|0.000|-179.000
ObjData_15 = 1649|229.114|983.179|1090.235|0.298|-89.400|-179.699
ObjData_16 = 1649|229.169|983.192|1089.053|-179.699|-87.899|179.100
ObjData_17 = 19384|230.732|981.566|1089.691|-0.499|0.699|0.000
ObjData_18 = 19446|225.730|982.217|1088.150|-0.800|-87.900|1.500
ObjData_19 = 19446|257.962|1085.072|1083.171|0.000|0.000|0.000
ObjData_20 = 0|0.000|0.000|0.000|0.000|0.000|0.000
ObjData_21 = 0|0.000|0.000|0.000|0.000|0.000|0.000
ObjData_22 = 0|0.000|0.000|0.000|0.000|0.000|0.000
ObjData_23 = 19172|240.406|980.695|1089.255|0.199|0.000|179.999
ObjData_24 = 2779|0.000|0.000|0.000|0.000|0.000|0.000
ObjData_25 = 2165|0.000|0.000|0.000|0.000|0.000|0.000
ObjData_26 = 19317|0.000|0.000|0.000|-0.598|52.499|-0.800
ObjData_27 = 0|0.000|0.000|0.000|0.000|0.000|0.000
ObjData_28 = 2165|0.000|0.000|0.000|0.000|0.000|0.000
ObjData_29 = 2779|0.000|0.000|0.000|0.000|0.000|0.000
ObjData_30 = 19317|0.000|0.000|0.000|0.000|-45.098|0.000
ObjData_31 = 0|0.000|0.000|0.000|0.000|0.000|0.000
ObjData_32 = 1723|0.000|0.000|0.000|0.000|0.000|90.198
ObjData_33 = 1724|0.000|0.000|0.000|0.000|0.000|-90.500
ObjData_34 = 0|0.000|0.000|0.000|0.000|0.000|0.000
ObjData_35 = 2779|0.000|0.000|0.000|0.000|0.000|179.200
ObjData_36 = 0|0.000|0.000|0.000|0.000|0.000|0.000
ObjData_37 = 2086|0.000|0.000|0.000|0.000|0.000|0.000
Arma_0 = 23
Arma_1 = 34
Arma_2 = 22
Arma_3 = 32
Arma_4 = 29
Arma_5 = 34
Arma_6 = 34
Arma_7 = 34
Arma_8 = 34
Arma_9 = 27
Bala_0 = 360
Bala_1 = 120
Bala_2 = 62
Bala_3 = 232
Bala_4 = 252
Bala_5 = 18
Bala_6 = 20
Bala_7 = 52
Bala_8 = 100
Bala_9 = 42
Arm0 = 75
ArmD0 = 18
Arm1 = 76
ArmD1 = 20
Arm2 = 76
ArmD2 = 30
Arm3 = 76
ArmD3 = 15
Arm4 = 76
ArmD4 = 30
Arm5 = 17
ArmD5 = 96
Arm6 = 16
ArmD6 = 1
Arm7 = 0
ArmD7 = 0
Arm8 = 9
ArmD8 = 6
Arm9 = 3
ArmD9 = 13
Arm10 = 4
ArmD10 = 2
Arm11 = 66
ArmD11 = 0
Transferida = Austin_Joa
