[data]
Nombre = Casa
Dueño = Samuel_Rivero
Contraseña = 120062363
Dinero = 0
Precio = 60000
VirtualWorld = 230
Interior = 1
Comprada = true
Cerrada = true
Entrada_x = 2155.536865
Entrada_y = -1698.580078
Entrada_z = 15.085927
Salida_x = 223.414306
Salida_y = 1273.432006
Salida_z = 1082.140014
Familia = 0
Contraseña_puerta = 1234
Arma_0 = 0
Arma_1 = 0
Arma_2 = 0
Arma_3 = 0
Arma_4 = 0
Arma_5 = 0
Arma_6 = 0
Arma_7 = 0
Arma_8 = 0
Arma_9 = 0
Bala_0 = 0
Bala_1 = 0
Bala_2 = 0
Bala_3 = 0
Bala_4 = 0
Bala_5 = 0
Bala_6 = 0
Bala_7 = 0
Bala_8 = 0
Bala_9 = 0
ObjData_0 = 19449|231.277|1271.751|1082.878|0.000|0.000|89.999
ObjData_1 = 1723|223.540|1279.415|1081.107|0.000|0.000|0.000
ObjData_2 = 1840|232.191|1272.319|1081.628|0.000|0.000|-107.400
ObjData_3 = 1840|230.698|1272.241|1081.607|0.000|0.000|-70.799
ObjData_4 = 19449|234.583|1275.687|1082.878|0.000|0.000|0.000
ObjData_5 = 2525|2211.338|-1078.044|1049.503|0.000|0.000|176.800
ObjData_6 = 2524|2214.368|-1078.248|1049.474|0.000|0.000|-176.599
ObjData_7 = 19430|221.383|1277.495|1082.897|-0.799|0.000|0.000
ObjData_8 = 19430|228.311|1278.245|1082.897|0.000|0.000|0.000
ObjData_9 = 19357|228.302|1273.250|1082.897|0.000|0.000|0.000
ObjData_10 = 19357|226.147|1272.697|1082.878|0.000|0.000|89.899
ObjData_11 = 19449|219.337|1280.003|1082.888|0.000|0.000|90.100
ObjData_12 = 19387|219.456|1273.735|1082.898|0.000|0.000|0.000
ObjData_13 = 2167|234.143|1272.202|1081.117|0.000|0.000|-132.599
ObjData_14 = 1502|228.007|1275.168|1081.114|0.000|0.000|91.500
ObjData_15 = 1502|219.465|1272.997|1081.156|0.000|0.000|90.299
ObjData_16 = 19387|227.797|1275.882|1082.888|0.000|0.000|0.000
ObjData_17 = 19387|228.305|1275.878|1082.897|0.000|0.000|0.000
ObjData_18 = 19387|221.422|1279.230|1082.890|0.000|0.000|0.000
ObjData_19 = 19387|221.384|1279.229|1082.898|0.000|0.000|0.000
ObjData_20 = 19387|223.502|1272.682|1082.880|0.000|0.000|90.099
ObjData_21 = 2149|219.963|1277.010|1082.327|0.000|0.000|-163.100
ObjData_22 = 19403|225.309|1280.022|1082.887|0.000|0.000|-89.900
ObjData_23 = 2525|217.402|1274.331|1081.166|0.000|0.000|89.800
ObjData_24 = 2524|217.411|1272.681|1081.107|0.000|0.000|91.101
ObjData_25 = 19403|0.000|0.000|0.000|0.000|0.000|90.000
ObjData_26 = 2129|220.802|1277.202|1081.137|0.000|0.000|178.899
ObjData_27 = 2128|217.818|1277.163|1081.146|0.000|0.000|-178.799
ObjData_28 = 2130|219.813|1277.196|1081.137|0.000|0.000|180.000
ObjData_29 = 1817|224.155|1277.361|1081.115|0.000|0.000|0.000
ObjData_30 = 1723|225.574|1276.464|1081.108|0.000|0.000|-179.600
ObjData_31 = 19172|225.098|1280.001|1082.888|0.000|0.000|0.000
ObjData_32 = 2526|217.426|1276.084|1081.137|0.000|0.000|0.000
ObjData_33 = 2161|220.536|1275.836|1081.086|0.000|0.000|-130.799
ObjData_34 = 1742|229.063|1272.002|1081.116|0.000|0.000|143.800
ObjData_35 = 1724|226.434|1278.394|1081.097|0.000|0.000|-87.200
ObjData_36 = 19449|232.547|1278.001|1082.844|0.000|0.000|90.000
ObjData_37 = 2316|231.439|1271.622|1081.967|0.000|0.000|-179.799
ObjData_38 = 19430|227.792|1273.522|1082.890|0.000|0.000|0.000
ObjData_39 = 19357|227.796|1279.070|1082.877|0.000|0.000|0.000
ObjData_40 = 2313|232.151|1272.305|1081.137|-0.600|1.000|-177.500
ObjData_41 = 19430|227.139|1280.036|1082.719|0.000|0.000|90.899
ObjData_42 = 2298|0.000|0.000|0.000|0.000|0.000|0.000
ObjData_43 = 2299|230.727|1274.265|1081.116|0.000|0.000|0.000
ObjData_44 = 19317|227.632|1274.653|1083.100|0.000|0.000|-96.899
ObjData_45 = 1208|0.000|0.000|0.000|0.000|0.000|0.000
ObjData_46 = 1502|221.452|1278.388|1081.097|0.000|0.000|90.400
ObjData_47 = 1502|222.719|1272.634|1081.087|0.000|0.000|0.000
ObjData_48 = 2069|227.469|1273.027|1081.189|0.000|0.000|0.000
ObjData_49 = 19357|220.851|1272.690|1082.887|0.000|0.000|90.000
Arm0 = 76
ArmD0 = 18
Arm1 = 8
ArmD1 = 0
Arm2 = 52
ArmD2 = 8
Arm3 = 76
ArmD3 = 30
Arm4 = 106
ArmD4 = 7
Arm5 = 8
ArmD5 = 30
Arm6 = 0
ArmD6 = 0
Arm7 = 28
ArmD7 = 0
Arm8 = 28
ArmD8 = 0
Arm9 = 28
ArmD9 = 0
Arm10 = 28
ArmD10 = 0
Arm11 = 28
ArmD11 = 0
Transferida = 
