[data]
Nombre = Ralph-House
Dueño = Ralph_Roldan
Contraseña = 96403828
Dinero = 0
Precio = 28000
VirtualWorld = 235
Interior = 15
Comprada = true
Cerrada = true
Entrada_x = 2168.214599
Entrada_y = -1718.820312
Entrada_z = 15.168841
Salida_x = 326.308105
Salida_y = 1456.211425
Salida_z = 1084.595947
Caja_Fuerte_x = 0.000000
Caja_Fuerte_y = 0.000000
Caja_Fuerte_z = 0.000000
Familia = 0
Ropa_0 = 0
Ropa_1 = 0
Ropa_2 = 0
Ropa_3 = 0
Ropa_4 = 0
Ropa_5 = 0
Ropa_6 = 0
Ropa_7 = 0
Ropa_8 = 0
Ropa_9 = 0
Contraseña_puerta = 2019
Arma_0 = 16
Arma_1 = 0
Arma_2 = 34
Arma_3 = 29
Arma_4 = 25
Arma_5 = 24
Arma_6 = 24
Arma_7 = 0
Arma_8 = 27
Arma_9 = 0
Bala_0 = 6
Bala_1 = 0
Bala_2 = 20
Bala_3 = 147
Bala_4 = 160
Bala_5 = 60
Bala_6 = 22
Bala_7 = 0
Bala_8 = 60
Bala_9 = 0
ObjData_0 = 2137|324.191|1456.010|1083.429|-1.000|-0.599|179.699
ObjData_1 = 1828|326.292|1455.131|1083.432|0.000|0.000|-88.699
ObjData_2 = 16779|320.367|1464.527|1086.897|0.000|0.000|0.000
ObjData_3 = 2135|323.211|1456.015|1083.428|0.000|0.000|179.699
ObjData_4 = 2136|322.209|1455.988|1083.437|2.300|0.000|-179.998
ObjData_5 = 2139|319.179|1456.022|1083.411|0.000|0.000|-179.498
ObjData_6 = 2525|331.031|1463.242|1083.440|0.000|0.000|0.000
ObjData_7 = 1502|329.225|1460.939|1083.429|0.000|0.000|88.299
ObjData_8 = 1409|318.047|1457.614|1083.235|0.000|0.000|89.700
ObjData_9 = 2313|318.174|1463.807|1083.449|0.000|0.200|90.699
ObjData_10 = 2316|318.285|1464.477|1084.288|0.000|-0.100|89.499
Arm0 = 72
ArmD0 = 0
ObjData_11 = 0|0.000|0.000|0.000|0.000|0.000|0.000
Arm1 = 68
ArmD1 = 60
Arm2 = 104
ArmD2 = 0
Arm3 = 77
ArmD3 = 5
Arm4 = 0
ArmD4 = 0
Arm5 = 0
ArmD5 = 0
ObjData_12 = 19172|325.689|1465.901|1084.970|0.000|0.000|-89.899
ObjData_13 = 2298|328.948|1466.010|1083.420|0.000|0.000|0.000
ObjData_14 = 1502|333.043|1459.699|1083.438|0.199|0.000|179.299
ObjData_15 = 2141|320.189|1456.027|1083.442|0.000|0.000|179.500
ObjData_16 = 1502|327.051|1464.848|1083.449|0.000|0.000|-0.600
ObjData_17 = 1760|321.915|1465.530|1083.382|0.000|0.000|-89.699
ObjData_18 = 1755|321.103|1462.262|1083.448|0.000|0.000|-152.799
ObjData_19 = 1755|320.324|1467.137|1083.416|0.000|0.000|-34.399
ObjData_20 = 2112|334.460|1455.451|1083.828|0.000|0.000|0.000
ObjData_21 = 0|0.000|0.000|0.000|0.000|0.000|0.000
ObjData_22 = 2120|334.496|1456.397|1084.078|0.000|0.000|86.700
ObjData_23 = 1817|324.069|1467.310|1083.437|0.000|0.000|-32.899
ObjData_24 = 1742|325.812|1461.897|1083.445|0.000|0.000|-89.799
ObjData_25 = 2165|326.317|1467.574|1083.437|0.199|0.000|89.800
ObjData_26 = 1724|327.312|1468.611|1083.400|0.000|0.000|-91.499
ObjData_27 = 2524|331.052|1460.275|1083.430|0.000|0.000|-179.399
ObjData_28 = 2069|331.657|1469.676|1082.459|0.000|0.000|0.000
ObjData_29 = 2069|328.878|1469.647|1082.479|0.000|0.000|0.000
ObjData_30 = 2526|332.748|1463.289|1083.440|0.000|0.099|-89.999
ObjData_31 = 1839|324.693|1467.461|1083.918|0.000|0.000|57.499
ObjData_32 = 1840|325.073|1467.033|1083.940|0.000|0.000|42.299
ObjData_33 = 1840|324.170|1467.673|1083.926|0.000|0.000|72.600
ObjData_34 = 19317|324.589|1459.685|1085.647|1.500|23.300|-86.099
Arm6 = 0
ArmD6 = 0
Arm7 = 0
ArmD7 = 0
Arm8 = 0
ArmD8 = 0
Arm9 = 0
ArmD9 = 0
Arm10 = 0
ArmD10 = 0
Arm11 = 0
ArmD11 = 0
Transferida = 
