[data]
Nombre = Rafita's casa
Dueño = Rafa_Casanova
Contraseña = 548603148
Dinero = 0
Precio = 61000
VirtualWorld = 247
Interior = 9
Comprada = true
Cerrada = true
Entrada_x = 1894.351318
Entrada_y = -2133.372070
Entrada_z = 15.466320
Salida_x = 275.740203
Salida_y = 1237.718383
Salida_z = 1084.257812
Caja_Fuerte_x = 0.000000
Caja_Fuerte_y = 0.000000
Caja_Fuerte_z = 0.000000
Familia = 0
Ropa_0 = 0
Ropa_1 = 0
Ropa_2 = 0
Ropa_3 = 0
Ropa_4 = 0
Ropa_5 = 0
Ropa_6 = 0
Ropa_7 = 0
Ropa_8 = 0
Ropa_9 = 0
Contraseña_puerta = 9876
ObjData_0 = 0|0.000|0.000|0.000|0.000|0.000|0.000
ObjData_1 = 0|0.000|0.000|0.000|0.000|0.000|0.000
ObjData_2 = 0|0.000|0.000|0.000|0.000|0.000|0.000
ObjData_3 = 0|0.000|0.000|0.000|0.000|0.000|0.000
ObjData_4 = 0|0.000|0.000|0.000|0.000|0.000|0.000
ObjData_5 = 0|0.000|0.000|0.000|0.000|0.000|0.000
ObjData_6 = 0|0.000|0.000|0.000|0.000|0.000|0.000
ObjData_7 = 0|0.000|0.000|0.000|0.000|0.000|0.000
ObjData_8 = 1502|273.630|1245.666|1083.309|0.000|0.000|88.299
ObjData_9 = 1502|271.237|1251.105|1083.259|0.000|0.000|0.000
ObjData_10 = 0|0.000|0.000|0.000|0.000|0.000|0.000
ObjData_11 = 0|0.000|0.000|0.000|0.000|0.000|0.000
ObjData_12 = 0|0.000|0.000|0.000|0.000|0.000|0.000
ObjData_13 = 0|0.000|0.000|0.000|0.000|0.000|0.000
ObjData_14 = 0|0.000|0.000|0.000|0.000|0.000|0.000
Arm0 = 68
ArmD0 = 76
Arm1 = 76
ArmD1 = 8
Arm2 = 66
ArmD2 = 0
Arm3 = 104
ArmD3 = 0
Arm4 = 101
ArmD4 = 0
Arm5 = 101
ArmD5 = 0
ObjData_15 = 0|0.000|0.000|0.000|0.000|0.000|0.000
ObjData_16 = 19354|270.772|1250.213|1084.639|0.000|0.000|0.000
ObjData_17 = 2103|270.230|1252.081|1083.257|2.799|0.100|81.100
Arm6 = 103
ArmD6 = 0
Arm7 = 108
ArmD7 = 5
Arm8 = 103
ArmD8 = 0
Arm9 = 76
ArmD9 = 15
Arm10 = 66
ArmD10 = 0
Arm11 = 4
ArmD11 = 5
Transferida = Rafa_Casanova
