[data]
Nombre = ShiShi G端elPleied
Due単o = John_Kennet
Contrase単a = 286917438
Dinero = 0
Precio = 35000
VirtualWorld = 250
Interior = 15
Comprada = true
Cerrada = true
Entrada_x = 1877.329711
Entrada_y = -2000.971801
Entrada_z = 13.546875
Salida_x = 326.308105
Salida_y = 1456.211425
Salida_z = 1084.595947
Familia = 0
Contrase単a_puerta = 2468
Arma_0 = 41
Arma_1 = 0
Arma_2 = 0
Arma_3 = 0
Arma_4 = 0
Arma_5 = 0
Arma_6 = 0
Arma_7 = 0
Arma_8 = 0
Arma_9 = 0
Bala_0 = 2492
Bala_1 = 0
Bala_2 = 0
Bala_3 = 0
Bala_4 = 0
Bala_5 = 0
Bala_6 = 0
Bala_7 = 0
Bala_8 = 0
Bala_9 = 0
ObjData_0 = 2141|318.198|1458.965|1083.146|0.000|0.000|91.598
ObjData_1 = 2316|332.044|1467.803|1084.448|0.000|0.000|-89.899
ObjData_2 = 2120|322.930|1466.838|1084.130|0.000|0.000|-87.699
ObjData_3 = 1724|319.751|1466.942|1083.585|0.000|0.000|0.000
ObjData_4 = 2120|0.000|0.000|0.000|0.000|0.000|91.599
ObjData_5 = 2120|0.000|0.000|0.000|0.000|0.000|-87.500
ObjData_6 = 2120|0.000|0.000|0.000|0.000|0.000|-179.899
ObjData_7 = 2524|0.000|0.000|0.000|0.000|0.000|-95.399
ObjData_8 = 2527|332.672|1462.359|1083.379|0.000|0.000|0.000
ObjData_9 = 1502|329.254|1458.403|1083.431|-0.899|0.000|-93.899
ObjData_10 = 1502|325.695|1464.085|1083.439|0.000|0.000|-93.400
ObjData_11 = 1502|329.175|1462.499|1083.469|0.000|0.000|-90.899
ObjData_12 = 1502|327.093|1464.875|1083.409|0.000|0.000|0.000
ObjData_13 = 1502|331.507|1459.684|1083.398|0.000|0.000|0.000
ObjData_14 = 2161|318.311|1456.962|1083.445|0.000|1.399|94.500
ObjData_15 = 1723|0.000|0.000|0.000|3.598|0.298|89.698
ObjData_16 = 1724|0.000|0.000|0.000|0.098|-3.900|-88.899
ObjData_17 = 2165|322.333|1467.747|1083.565|0.000|0.000|0.000
ObjData_18 = 2356|0.000|0.000|0.000|0.000|0.000|90.299
ObjData_19 = 2134|318.313|1457.971|1083.460|0.000|0.000|92.100
ObjData_20 = 2525|330.488|1463.115|1083.440|0.000|0.000|0.000
ObjData_21 = 1817|331.506|1468.299|1083.609|0.000|0.000|-91.699
ObjData_22 = 2112|0.000|0.000|0.000|0.000|0.000|0.000
ObjData_23 = 2131|0.000|0.000|0.000|0.000|0.000|-179.099
ObjData_24 = 2299|329.703|1467.290|1083.362|1.000|-0.600|90.098
ObjData_25 = 1502|324.610|1458.284|1083.461|0.000|0.000|-87.499
ObjData_26 = 2112|0.000|0.000|0.000|0.000|0.000|0.000
ObjData_27 = 2028|0.000|0.000|0.000|1.899|177.098|-92.198
ObjData_28 = 2133|0.000|0.000|0.000|0.000|0.000|90.000
ObjData_29 = 2630|0.000|0.000|0.000|0.000|0.000|0.000
ObjData_30 = 2133|0.000|0.000|0.000|0.000|0.000|91.299
ObjData_31 = 2132|0.000|0.000|0.000|0.000|1.700|-178.699
ObjData_32 = 2120|0.000|0.000|0.000|0.000|0.000|89.799
ObjData_33 = 2120|0.000|0.000|0.000|0.000|0.000|-87.999
ObjData_34 = 2135|0.000|0.000|0.000|0.000|0.000|92.999
ObjData_35 = 2167|0.000|0.000|0.000|0.000|0.000|0.000
ObjData_36 = 2149|0.000|0.000|0.000|0.000|0.000|92.400
ObjData_37 = 2103|0.000|0.000|0.000|0.000|0.000|178.798
ObjData_38 = 2313|0.000|0.000|0.000|0.000|0.000|0.000
ObjData_39 = 2167|0.000|0.000|0.000|0.000|0.000|0.000
ObjData_40 = 1738|322.683|1463.310|1086.514|0.000|0.000|0.000
ObjData_41 = 1744|0.000|0.000|0.000|0.000|0.000|0.000
ObjData_42 = 1744|0.000|0.000|0.000|0.000|0.000|0.000
ObjData_43 = 1502|0.000|0.000|0.000|0.000|0.000|0.000
ObjData_44 = 16779|0.000|0.000|0.000|0.000|0.000|0.000
ObjData_45 = 16779|0.000|0.000|0.000|0.000|0.000|0.000
ObjData_46 = 2299|0.000|0.000|0.000|0.000|0.000|0.000
ObjData_47 = 19403|0.000|0.000|0.000|2.200|0.000|-88.900
ObjData_48 = 2312|0.000|0.000|0.000|0.000|0.000|0.000
Arm0 = 0
ArmD0 = 0
ObjData_49 = 1828|0.000|0.000|0.000|0.000|0.000|0.000
Arm1 = 0
ArmD1 = 0
Arm2 = 0
ArmD2 = 0
Arm3 = 0
ArmD3 = 0
Arm4 = 0
ArmD4 = 0
Arm5 = 0
ArmD5 = 0
Arm6 = 0
ArmD6 = 0
Arm7 = 0
ArmD7 = 0
Transferida = 
Arm8 = 0
ArmD8 = 0
Arm9 = 0
ArmD9 = 0
Arm10 = 0
ArmD10 = 0
Arm11 = 0
ArmD11 = 0
