[data]
Nombre = La Casa del Vlayan
Dueño = Samuel_Coronel
Contraseña = 51511554
Dinero = 0
Precio = 35000
VirtualWorld = 251
Interior = 15
Comprada = true
Cerrada = true
Entrada_x = 1877.321777
Entrada_y = -1982.549316
Entrada_z = 13.546875
Salida_x = 326.308105
Salida_y = 1456.211425
Salida_z = 1084.595947
Familia = 0
Contraseña_puerta = 1524
ObjData_0 = 2115|320.280|1458.908|1083.525|0.000|-0.100|3.299
ObjData_1 = 0|0.000|0.000|0.000|0.000|0.000|0.000
ObjData_2 = 2079|0.000|0.000|0.000|0.000|0.000|0.000
ObjData_3 = 2079|0.000|0.000|0.000|0.000|0.000|0.000
ObjData_4 = 2103|0.000|0.000|0.000|0.000|0.000|0.000
ObjData_5 = 2141|318.396|1458.797|1083.437|0.000|0.000|0.000
ObjData_6 = 2132|318.171|1455.793|1083.441|0.000|0.000|0.000
ObjData_7 = 2149|0.000|0.000|0.000|0.000|0.000|0.000
ObjData_8 = 1817|330.947|1465.911|1083.497|-0.800|1.399|-178.100
ObjData_9 = 1702|0.000|0.000|0.000|0.000|0.000|88.900
ObjData_10 = 2527|0.000|0.000|0.000|-1.200|0.199|85.799
ObjData_11 = 2524|330.265|1460.334|1083.462|0.000|1.099|-178.899
ObjData_12 = 2525|331.651|1463.135|1083.460|0.000|0.000|0.000
ObjData_13 = 1208|332.975|1462.680|1083.401|1.999|2.200|87.100
ObjData_14 = 2298|328.979|1466.107|1083.439|0.000|0.000|0.000
ObjData_15 = 0|0.000|0.000|0.000|0.000|0.000|0.000
ObjData_16 = 19356|0.000|0.000|0.000|0.000|0.100|89.999
ObjData_17 = 19356|0.000|0.000|0.000|0.000|0.000|0.000
ObjData_18 = 19356|0.000|0.000|0.000|0.000|0.000|0.000
ObjData_19 = 19356|0.000|0.000|0.000|0.000|0.000|0.000
ObjData_20 = 19355|0.000|0.000|0.000|0.000|0.000|0.000
ObjData_21 = 19356|0.000|0.000|0.000|0.000|0.000|0.000
ObjData_22 = 1502|329.243|1460.948|1083.457|-0.500|0.399|97.098
ObjData_23 = 1502|331.512|1459.630|1083.420|0.000|0.000|0.000
ObjData_24 = 0|0.000|0.000|0.000|0.000|0.000|0.000
ObjData_25 = 1502|0.000|0.000|0.000|-0.598|0.000|-88.400
ObjData_26 = 19354|0.000|0.000|0.000|0.000|0.000|0.000
ObjData_27 = 19386|0.000|0.000|0.000|0.000|0.000|-92.400
ObjData_28 = 19384|0.000|0.000|0.000|0.199|-1.100|86.999
ObjData_29 = 19354|0.000|0.000|0.000|0.000|0.000|0.000
Arma_0 = 0
Arma_1 = 0
Arma_2 = 0
Arma_3 = 0
Arma_4 = 0
Arma_5 = 0
Arma_6 = 0
Arma_7 = 0
Arma_8 = 0
Arma_9 = 0
Bala_0 = 0
Bala_1 = 0
Bala_2 = 0
Bala_3 = 0
Bala_4 = 0
Bala_5 = 0
Bala_6 = 0
Bala_7 = 0
Bala_8 = 0
Bala_9 = 0
ObjData_30 = 1649|0.000|0.000|0.000|0.000|0.000|0.000
ObjData_31 = 1649|0.000|0.000|0.000|0.000|0.000|0.000
ObjData_32 = 1649|0.000|0.000|0.000|0.000|0.000|0.000
ObjData_33 = 1649|0.000|0.000|0.000|0.000|0.000|0.000
ObjData_34 = 19402|0.000|0.000|0.000|0.000|0.000|0.000
ObjData_35 = 19400|0.000|0.000|0.000|0.000|-0.398|89.999
ObjData_36 = 19354|327.858|1458.600|1081.550|0.000|0.000|0.000
ObjData_37 = 1502|0.000|0.000|0.000|0.000|0.000|0.000
ObjData_38 = 2165|318.208|1463.590|1083.480|-2.000|1.600|91.099
ObjData_39 = 2299|0.000|0.000|0.000|0.000|0.000|0.000
ObjData_40 = 2298|319.948|1464.337|1083.396|0.000|0.000|0.000
ObjData_41 = 2149|324.182|1459.887|1084.728|-0.799|0.700|-88.699
Arm0 = 0
ArmD0 = 0
Arm1 = 0
ArmD1 = 0
Arm2 = 0
ArmD2 = 0
Arm3 = 0
ArmD3 = 0
Arm4 = 0
ArmD4 = 0
Arm5 = 0
ArmD5 = 0
Arm6 = 0
ArmD6 = 0
Arm7 = 0
ArmD7 = 0
Arm8 = 0
ArmD8 = 0
Transferida = 
