[data]
Nombre = ....KAPPI....
Dueño = Raimundo_Flete
Contraseña = 34799831
Dinero = 0
Precio = 250000
VirtualWorld = 263
Interior = 9
Comprada = true
Cerrada = true
Entrada_x = 1885.881103
Entrada_y = -1113.618896
Entrada_z = 26.275810
Salida_x = 275.740203
Salida_y = 1237.718383
Salida_z = 1084.257812
Familia = 0
Contraseña_puerta = 2671
ObjData_0 = 2112|280.119|1243.466|1083.679|0.000|0.000|0.000
ObjData_1 = 2103|280.240|1243.634|1084.089|-1.399|0.000|-34.700
ObjData_2 = 2298|271.250|1253.497|1083.218|0.000|0.000|0.000
Arm0 = 0
ArmD0 = 0
ObjData_3 = 1502|271.261|1251.038|1083.268|0.000|0.000|0.000
ObjData_4 = 1840|280.210|1243.671|1084.450|-0.500|0.000|59.099
ObjData_5 = 1502|270.572|1248.608|1083.336|0.000|-0.200|-88.700
ObjData_6 = 2130|278.880|1249.881|1083.239|0.000|0.000|0.000
Arm1 = 0
ArmD1 = 0
Arm2 = 0
ArmD2 = 0
Arm3 = 0
ArmD3 = 0
Arm4 = 0
ArmD4 = 0
Arm5 = 0
ArmD5 = 0
Arm6 = 0
ArmD6 = 0
Arm7 = 0
ArmD7 = 0
Transferida = Carlos_Arias
ObjData_7 = 2128|279.789|1245.065|1083.227|-0.099|-0.100|-95.099
ObjData_8 = 2127|274.884|1249.890|1083.289|0.000|0.000|0.000
ObjData_9 = 2025|269.242|1251.762|1083.269|0.000|0.000|86.199
ObjData_10 = 1723|280.153|1237.645|1083.265|1.099|0.000|-179.699
ObjData_11 = 2294|277.891|1249.869|1083.259|0.000|0.000|0.000
ObjData_12 = 2255|274.380|1256.856|1085.289|0.000|0.000|0.499
ObjData_13 = 2161|269.274|1256.698|1084.739|0.000|0.000|-89.500
ObjData_14 = 1727|278.585|1242.015|1083.328|0.000|0.000|0.000
ObjData_15 = 16779|278.579|1239.925|1086.869|0.000|0.000|0.000
ObjData_16 = 16779|272.679|1255.828|1086.859|0.000|0.000|0.000
ObjData_17 = 2149|276.908|1250.118|1085.569|0.000|0.000|0.000
ObjData_18 = 19387|275.766|1237.012|1085.070|-0.299|0.000|90.199
ObjData_19 = 1786|280.878|1239.908|1083.836|-1.000|0.000|-90.199
ObjData_20 = 1744|273.703|1241.661|1084.589|0.000|0.000|90.199
ObjData_21 = 2313|280.501|1240.505|1083.318|0.000|0.000|-87.299
ObjData_22 = 2086|278.850|1239.692|1083.639|0.000|0.000|0.000
ObjData_23 = 2066|272.231|1243.528|1083.238|0.000|0.000|0.000
ObjData_24 = 2241|274.369|1237.576|1083.749|0.000|0.000|0.000
ObjData_25 = 2026|277.447|1246.972|1086.539|0.000|0.000|0.000
ObjData_26 = 2129|276.863|1249.872|1083.238|0.000|0.000|0.000
ObjData_27 = 2297|275.757|1252.426|1083.289|0.000|0.000|169.100
ObjData_28 = 2069|270.516|1257.067|1083.288|0.000|0.000|0.000
ObjData_29 = 2517|267.386|1248.096|1083.248|0.000|0.000|0.000
ObjData_30 = 2524|269.274|1249.091|1083.259|0.000|0.000|0.000
ObjData_31 = 2525|267.402|1247.308|1083.255|0.000|0.000|87.399
