[data]
Nombre = #Dominican 2 Qlok...
Dueño = Elvis_Zanchez
Contraseña = 95748612
Dinero = 0
Precio = 30000
VirtualWorld = 265
Interior = 1
Comprada = true
Cerrada = true
Entrada_x = 1955.123046
Entrada_y = -1115.381713
Entrada_z = 27.830497
Salida_x = 223.414306
Salida_y = 1273.432006
Salida_z = 1082.140014
Familia = 0
Contraseña_puerta = 1234
ObjData_0 = 2298|230.409|1274.112|1081.048|0.300|1.000|-88.299
ObjData_1 = 2527|0.000|0.000|0.000|0.000|0.000|177.800
ObjData_2 = 2524|0.000|0.000|0.000|0.000|0.000|0.000
ObjData_3 = 2526|0.000|0.000|0.000|0.000|0.000|87.697
ObjData_4 = 2525|218.603|1276.013|1081.106|0.000|0.000|-86.099
ObjData_5 = 1727|229.390|1272.517|1081.208|1.500|0.000|145.399
ObjData_6 = 1726|227.091|1279.426|1081.096|0.000|0.000|-87.199
ObjData_7 = 2165|230.674|1277.525|1081.136|0.000|0.000|0.000
ObjData_8 = 16779|231.772|1274.878|1084.620|0.000|0.000|0.000
ObjData_9 = 2069|234.257|1275.015|1081.136|0.000|0.000|0.000
ObjData_10 = 1828|231.693|1275.498|1081.116|0.000|0.000|0.000
ObjData_11 = 1817|226.036|1278.284|1081.188|1.500|-0.199|91.699
ObjData_12 = 2779|230.792|1272.520|1081.156|0.000|0.000|-176.600
ObjData_13 = 2356|0.000|0.000|0.000|4.098|0.000|-84.598
ObjData_14 = 1502|219.476|1274.510|1081.125|0.000|0.000|-88.599
ObjData_15 = 1742|0.000|0.000|0.000|0.000|0.000|0.000
ObjData_16 = 1808|0.000|0.000|0.000|0.000|0.000|88.597
ObjData_17 = 19173|0.000|0.000|0.000|0.000|0.000|-87.698
ObjData_18 = 19173|227.564|1278.923|1082.807|1.900|0.000|-84.499
ObjData_19 = 19384|221.396|1274.796|1082.677|-0.298|3.200|4.297
ObjData_20 = 2149|0.000|0.000|0.000|0.000|0.000|178.598
ObjData_21 = 1717|228.781|1276.516|1081.087|0.000|0.000|0.000
ObjData_22 = 2141|0.000|0.000|0.000|0.000|0.000|89.399
ObjData_23 = 1409|0.000|0.000|0.000|0.000|0.000|0.000
ObjData_24 = 1727|223.831|1278.120|1081.106|-1.899|1.099|90.801
ObjData_25 = 1502|228.125|1276.633|1081.134|1.599|-0.299|-86.199
ObjData_26 = 1840|232.920|1272.045|1083.508|-0.799|0.000|-80.099
ObjData_27 = 2135|0.000|0.000|0.000|0.000|0.000|177.899
ObjData_28 = 19172|0.000|0.000|0.000|0.000|0.098|-84.198
ObjData_29 = 2167|0.000|0.000|0.000|0.000|0.000|0.000
ObjData_30 = 1502|0.000|0.000|0.000|0.000|0.000|0.000
ObjData_31 = 2630|0.000|0.000|0.000|0.000|0.000|0.000
ObjData_32 = 2627|0.000|0.000|0.000|0.000|0.000|-179.598
ObjData_33 = 2964|233.379|1277.326|1081.136|0.000|0.000|0.000
ObjData_34 = 2137|0.000|0.000|0.000|0.000|0.199|178.598
ObjData_35 = 2312|221.407|1277.586|1083.538|0.000|0.000|91.899
ObjData_36 = 1502|221.480|1280.018|1081.106|0.000|0.000|-90.600
ObjData_37 = 2028|221.755|1277.552|1082.988|0.000|0.000|0.000
ObjData_38 = 1744|234.037|1271.904|1083.172|-0.099|-0.399|-170.100
ObjData_39 = 1839|233.573|1272.045|1083.502|0.699|-0.800|-84.700
ObjData_40 = 1817|0.000|0.000|0.000|0.000|0.000|0.000
ObjData_41 = 19449|0.000|0.000|0.000|0.000|90.299|0.000
ObjData_42 = 2312|0.000|0.000|0.000|0.000|0.000|0.000
ObjData_43 = 1649|0.000|0.000|0.000|0.000|0.000|0.000
ObjData_44 = 2136|0.000|0.000|0.000|0.000|0.000|178.098
ObjData_45 = 1840|234.106|1272.286|1083.505|0.000|-0.600|-87.700
ObjData_46 = 0|0.000|0.000|0.000|0.000|0.000|0.000
ObjData_47 = 0|0.000|0.000|0.000|0.000|0.000|0.000
ObjData_48 = 0|0.000|0.000|0.000|0.000|0.000|0.000
ObjData_49 = 0|0.000|0.000|0.000|0.000|0.000|0.000
Arma_0 = 5
Arma_1 = 0
Arma_2 = 0
Arma_3 = 0
Arma_4 = 0
Arma_5 = 0
Arma_6 = 0
Arma_7 = 0
Arma_8 = 0
Arma_9 = 0
Bala_0 = 1
Bala_1 = 0
Bala_2 = 0
Bala_3 = 0
Bala_4 = 0
Bala_5 = 0
Bala_6 = 0
Bala_7 = 0
Bala_8 = 0
Bala_9 = 0
Arm0 = 104
ArmD0 = 0
Arm1 = 0
ArmD1 = 0
Arm2 = 104
ArmD2 = 0
Arm3 = 102
ArmD3 = 0
Arm4 = 102
ArmD4 = 0
Arm5 = 102
ArmD5 = 0
Arm6 = 104
ArmD6 = 0
Arm7 = 64
ArmD7 = 828065
Arm8 = 104
ArmD8 = 0
Arm9 = 104
ArmD9 = 0
Arm10 = 104
ArmD10 = 0
Arm11 = 104
ArmD11 = 0
Transferida = Elvis_Zanchez
