[data]
Nombre = Inoa
Dueño = James_Inoa
Contraseña = 35455196
Dinero = 0
Precio = 45000
VirtualWorld = 271
Interior = 1
Comprada = true
Cerrada = true
Entrada_x = 2090.981201
Entrada_y = -1278.620849
Entrada_z = 26.179687
Salida_x = 223.414306
Salida_y = 1273.432006
Salida_z = 1082.140014
Familia = 0
Contraseña_puerta = 1234
ObjData_0 = 1803|0.000|0.000|0.000|-0.300|0.000|-1.299
ObjData_1 = 2161|0.000|0.000|0.000|0.000|0.000|0.100
ObjData_2 = 1839|233.165|1272.164|1081.167|0.000|0.000|-92.100
ObjData_3 = 1840|234.420|1271.938|1083.492|0.000|-10.800|-51.701
ObjData_4 = 1840|228.463|1271.860|1083.598|0.399|-8.900|-127.499
ObjData_5 = 2165|233.004|1277.500|1081.130|0.000|0.000|-0.598
ObjData_6 = 2525|217.465|1275.978|1081.110|0.000|0.999|2.098
ObjData_7 = 2524|218.680|1273.197|1081.125|0.000|0.000|178.300
ObjData_8 = 2527|218.707|1274.971|1081.096|0.000|0.000|1.200
ObjData_9 = 1208|216.843|1279.619|1081.174|0.000|-0.200|-90.396
ObjData_10 = 1761|223.465|1279.457|1081.029|0.000|0.000|0.800
ObjData_11 = 1762|226.708|1278.298|1081.049|0.000|0.000|-93.699
ObjData_12 = 1762|220.009|1274.931|1081.059|0.000|0.000|90.299
ObjData_13 = 1828|223.837|1277.897|1081.115|0.500|0.299|-178.500
ObjData_14 = 2141|217.768|1277.183|1081.104|0.099|0.000|-178.100
ObjData_15 = 2132|219.786|1277.203|1081.106|0.000|0.000|179.598
ObjData_16 = 1817|223.269|1276.280|1081.119|0.000|0.000|0.000
ObjData_17 = 16779|223.916|1277.552|1084.248|0.000|0.000|0.000
ObjData_18 = 2135|220.793|1277.230|1081.047|0.000|0.000|-178.900
ObjData_19 = 2312|223.489|1276.585|1081.997|0.000|0.000|149.599
ObjData_20 = 1649|231.373|1278.140|1082.768|0.000|0.000|0.998
Arma_0 = 24
Arma_1 = 0
Arma_2 = 0
Arma_3 = 0
Arma_4 = 0
Arma_5 = 0
Arma_6 = 0
Arma_7 = 0
Arma_8 = 0
Arma_9 = 0
Bala_0 = 143
Bala_1 = 0
Bala_2 = 0
Bala_3 = 0
Bala_4 = 0
Bala_5 = 0
Bala_6 = 0
Bala_7 = 0
Bala_8 = 0
Bala_9 = 0
ObjData_21 = 1502|219.326|1274.499|1081.126|-0.399|-0.299|-88.598
ObjData_22 = 1502|221.411|1278.473|1081.115|0.000|0.000|90.297
ObjData_23 = 1502|228.022|1276.682|1081.136|-1.100|0.000|-90.699
ObjData_24 = 2298|229.335|1273.906|1081.126|0.000|0.000|1.000
ObjData_25 = 2299|0.000|0.000|0.000|0.000|0.000|0.000
ObjData_26 = 1808|226.305|1279.787|1081.086|0.000|0.000|0.000
ObjData_27 = 2356|233.763|1276.745|1081.126|-0.400|-1.899|-0.700
ObjData_28 = 2313|231.628|1272.333|1081.126|0.000|-0.099|179.899
ObjData_29 = 2312|230.992|1272.352|1082.015|-1.399|0.699|-177.999
ObjData_30 = 2112|226.040|1274.223|1081.509|0.000|0.000|0.000
ObjData_31 = 2120|227.104|1274.207|1081.739|0.000|0.000|0.000
ObjData_32 = 2120|226.050|1273.126|1081.729|0.000|0.000|-92.100
ObjData_33 = 2141|216.775|1277.151|1081.097|0.000|0.000|-177.900
ObjData_34 = 19173|227.678|1277.989|1082.925|1.299|-0.499|-89.599
ObjData_35 = 2028|224.320|1276.851|1081.769|-0.099|1.399|-178.400
ObjData_36 = 19166|221.521|1272.799|1082.869|90.899|175.199|4.799
Arm0 = 0
ArmD0 = 0
Arm1 = 36
ArmD1 = 8
Arm2 = 0
ArmD2 = 0
Arm3 = 0
ArmD3 = 0
Arm4 = 0
ArmD4 = 0
Arm5 = 0
ArmD5 = 0
Arm6 = 0
ArmD6 = 0
Arm7 = 0
ArmD7 = 0
ObjData_37 = 1738|0.000|0.000|0.000|0.000|0.000|0.000
Arm8 = 0
ArmD8 = 0
Arm9 = 0
ArmD9 = 0
Arm10 = 0
ArmD10 = 0
Arm11 = 0
ArmD11 = 0
Transferida = James_Inoa
