[data]
Nombre = Campo Oconner
Dueño = Carlos_Oconner
Contraseña = 128450991
Dinero = 0
Precio = 35000
VirtualWorld = 272
Interior = 9
Comprada = true
Cerrada = false
Entrada_x = 2131.262207
Entrada_y = -1269.673095
Entrada_z = 25.495298
Salida_x = 275.740203
Salida_y = 1237.718383
Salida_z = 1084.257812
Familia = 0
Contraseña_puerta = 1239
ObjData_8 = 19386|0.000|0.000|0.000|0.000|0.000|90.400
ObjData_7 = 2527|269.468|1248.328|1083.218|0.000|0.000|0.000
ObjData_0 = 2135|274.888|1250.072|1083.248|0.000|0.000|0.000
ObjData_24 = 1502|271.244|1250.913|1083.258|0.000|0.000|0.000
Arma_0 = 25
Arma_1 = 0
Arma_2 = 0
Arma_3 = 0
Arma_4 = 0
Arma_5 = 0
Arma_6 = 0
Arma_7 = 0
Arma_8 = 27
Arma_9 = 0
Bala_0 = 44
Bala_1 = 0
Bala_2 = 0
Bala_3 = 0
Bala_4 = 0
Bala_5 = 0
Bala_6 = 0
Bala_7 = 0
Bala_8 = 19
Bala_9 = 0
ObjData_9 = 19429|0.000|0.000|0.000|0.000|0.000|89.898
ObjData_25 = 1723|274.451|1239.779|1083.258|0.000|0.000|89.299
ObjData_2 = 2137|277.834|1250.040|1083.258|0.000|0.000|0.000
ObjData_1 = 2136|275.853|1250.050|1083.258|0.000|0.000|0.000
ObjData_3 = 2139|278.769|1250.012|1083.258|0.000|0.000|0.000
ObjData_4 = 2140|279.752|1250.009|1083.269|0.000|0.000|0.000
ObjData_5 = 2525|267.649|1249.396|1083.239|0.000|0.000|0.000
ObjData_6 = 2524|267.301|1246.773|1083.249|0.000|0.000|87.999
ObjData_10 = 1502|0.000|0.000|0.000|0.000|0.000|0.000
ObjData_11 = 2115|278.805|1246.293|1083.279|0.000|0.000|89.099
ObjData_12 = 2079|278.957|1244.879|1083.879|0.000|0.000|-90.399
ObjData_13 = 2079|278.838|1248.805|1083.889|0.000|0.000|88.799
ObjData_14 = 2298|272.052|1255.624|1083.218|0.000|0.000|-91.499
ObjData_15 = 2069|275.779|1255.534|1082.276|0.000|0.000|0.000
ObjData_16 = 2149|278.553|1250.116|1084.429|0.000|0.000|-14.400
ObjData_17 = 1738|269.749|1257.248|1083.798|0.000|0.000|0.000
ObjData_18 = 2069|275.661|1252.856|1082.286|0.000|0.000|0.000
ObjData_19 = 2313|269.201|1253.615|1083.238|0.000|0.000|87.301
ObjData_20 = 2312|269.268|1254.290|1084.079|0.000|0.000|89.099
ObjData_21 = 2140|0.000|0.000|0.000|0.000|0.000|0.000
ObjData_22 = 0|0.000|0.000|0.000|0.000|0.000|0.000
ObjData_23 = 1502|270.695|1247.045|1083.298|0.000|0.000|88.499
ObjData_26 = 1724|278.243|1237.614|1083.179|0.000|0.000|179.500
ObjData_27 = 1724|277.424|1243.653|1083.218|0.000|0.000|0.000
ObjData_28 = 1724|274.491|1242.286|1083.238|0.000|0.000|88.800
ObjData_29 = 1724|274.441|1238.274|1083.237|0.000|0.199|89.599
ObjData_30 = 2030|277.898|1240.687|1083.669|0.000|0.000|0.000
ObjData_31 = 2112|281.294|1240.884|1083.759|0.000|0.000|0.000
ObjData_32 = 2312|280.946|1240.892|1084.509|0.000|0.000|-89.399
ObjData_33 = 1828|277.544|1240.916|1083.238|0.000|0.000|90.499
ObjData_34 = 1808|274.527|1248.093|1083.248|0.000|0.000|88.900
ObjData_35 = 2069|280.608|1237.344|1083.298|0.000|0.000|0.000
ObjData_36 = 1738|280.013|1243.970|1083.859|0.000|0.000|0.000
ObjData_37 = 19356|274.552|1250.771|1084.551|-0.699|0.000|-90.499
ObjData_38 = 2167|274.667|1257.354|1084.039|0.000|0.000|0.000
ObjData_39 = 0|0.000|0.000|0.000|0.000|0.000|0.000
ObjData_40 = 0|0.000|0.000|0.000|0.000|0.000|0.000
ObjData_41 = 0|0.000|0.000|0.000|0.000|0.000|0.000
ObjData_42 = 0|0.000|0.000|0.000|0.000|0.000|0.000
ObjData_43 = 0|0.000|0.000|0.000|0.000|0.000|0.000
ObjData_44 = 0|0.000|0.000|0.000|0.000|0.000|0.000
ObjData_45 = 0|0.000|0.000|0.000|0.000|0.000|0.000
ObjData_46 = 0|0.000|0.000|0.000|0.000|0.000|0.000
ObjData_47 = 0|0.000|0.000|0.000|0.000|0.000|0.000
ObjData_48 = 0|0.000|0.000|0.000|0.000|0.000|0.000
ObjData_49 = 0|0.000|0.000|0.000|0.000|0.000|0.000
ObjData_50 = 0|0.000|0.000|0.000|0.000|0.000|0.000
ObjData_51 = 0|0.000|0.000|0.000|0.000|0.000|0.000
Arm0 = 73
ArmD0 = 330
Arm1 = 73
ArmD1 = 500
Arm2 = 73
ArmD2 = 150
Arm3 = 104
ArmD3 = 0
Arm4 = 10
ArmD4 = 21
Arm5 = 29
ArmD5 = 0
Arm6 = 67
ArmD6 = 0
Arm7 = 102
ArmD7 = 0
Arm8 = 13
ArmD8 = 3
Arm9 = 33
ArmD9 = 0
Arm10 = 0
ArmD10 = 0
Arm11 = 0
ArmD11 = 0
Transferida = 
