[data]
Nombre = Martinez House
Dueño = Michel_Martinez
Contraseña = 33095883
Dinero = 0
Precio = 23000
VirtualWorld = 273
Interior = 1
Comprada = true
Cerrada = true
Entrada_x = 2142.674072
Entrada_y = -978.214294
Entrada_z = 61.379306
Salida_x = 223.414306
Salida_y = 1273.432006
Salida_z = 1082.140014
Familia = 0
Contraseña_puerta = 1234
Arm0 = 0
ArmD0 = 0
ObjData_0 = 1702|223.427|1279.067|1081.007|0.000|0.000|0.000
ObjData_1 = 1705|0.000|0.000|0.000|0.000|0.000|89.598
ObjData_2 = 1705|0.000|0.000|0.000|0.000|0.000|-89.699
ObjData_3 = 1817|0.000|0.000|0.000|0.000|0.000|0.000
ObjData_4 = 2322|0.000|0.000|0.000|0.000|0.000|0.000
ObjData_5 = 2165|232.156|1275.487|1081.216|0.000|0.000|179.100
ObjData_6 = 2356|0.000|0.000|0.000|0.000|0.000|0.000
ObjData_7 = 2525|0.000|0.000|0.000|0.000|0.000|90.399
ObjData_8 = 2524|0.000|0.000|0.000|0.000|0.000|-3.598
ObjData_9 = 2527|0.000|0.000|0.000|0.000|0.000|0.000
ObjData_10 = 2132|0.000|0.000|0.000|0.000|0.000|0.000
ObjData_11 = 2132|0.000|0.000|0.000|0.000|0.000|0.000
ObjData_12 = 2132|0.000|0.000|0.000|0.000|0.399|88.699
ObjData_13 = 2141|0.000|0.000|0.000|0.000|0.000|0.000
ObjData_14 = 2149|0.000|0.000|0.000|0.000|0.000|25.200
ObjData_15 = 1502|227.730|1276.704|1081.117|0.000|0.000|-84.299
ObjData_16 = 1502|0.000|0.000|0.000|0.000|0.000|-92.499
ObjData_17 = 1502|0.000|0.000|0.000|0.000|0.000|88.899
ObjData_18 = 1723|230.463|1277.124|1081.146|0.000|0.000|0.000
Arm1 = 0
ArmD1 = 0
Arm2 = 0
ArmD2 = 0
Arm3 = 0
ArmD3 = 0
Arm4 = 0
ArmD4 = 0
Arm5 = 0
ArmD5 = 0
Arm6 = 0
ArmD6 = 0
Transferida = Michel_Martinez
ObjData_19 = 19317|233.691|1272.093|1082.878|0.000|0.000|-178.799
ObjData_20 = 1809|234.153|1277.669|1081.105|1.299|-1.000|5.900
ObjData_21 = 2028|0.000|0.000|0.000|0.000|0.000|0.000
ObjData_22 = 2101|234.153|1277.677|1081.650|1.499|1.500|7.300
