[data]
Nombre = PSICOPATAS||CANDELARIOS
Dueño = Gonzalo_Smith
Contraseña = 33030347
Dinero = 0
Precio = 18000
VirtualWorld = 274
Interior = 6
Comprada = true
Cerrada = false
Entrada_x = 2154.095458
Entrada_y = -979.959228
Entrada_z = 63.293369
Salida_x = 2307.457763
Salida_y = -1197.406250
Salida_z = 1049.023437
Familia = 0
Contraseña_puerta = 3246
ObjData_0 = 2300|2316.887|-1193.284|1047.996|0.000|-0.499|-91.000
ObjData_1 = 2112|2308.035|-1195.312|1048.418|0.000|0.000|1.700
Arm0 = 0
ArmD0 = 0
ObjData_2 = 1723|2307.085|-1193.135|1048.001|0.000|0.000|-0.599
ObjData_3 = 2313|2304.824|-1196.325|1048.049|0.000|0.000|90.100
ObjData_4 = 1717|2305.150|-1196.234|1048.069|0.000|0.000|41.900
ObjData_5 = 19386|2312.482|-1194.644|1049.770|0.000|0.000|0.000
ObjData_6 = 19387|0.000|0.000|0.000|0.000|0.000|0.000
ObjData_7 = 19430|2313.193|-1192.896|1049.700|0.000|0.000|-89.800
ObjData_8 = 19449|0.000|0.000|0.000|0.000|0.000|0.000
ObjData_9 = 1502|2312.477|-1193.868|1048.009|0.000|0.000|-89.800
ObjData_10 = 1742|2312.420|-1197.964|1048.059|0.000|0.000|-85.799
ObjData_11 = 2165|0.000|0.000|0.000|0.000|0.000|0.000
ObjData_12 = 2356|0.000|0.000|0.000|0.000|0.000|-178.100
ObjData_13 = 1409|2313.138|-1196.485|1048.179|0.000|0.000|0.000
ObjData_14 = 19448|2312.479|-1201.034|1049.760|0.000|0.000|0.000
Arm1 = 0
ArmD1 = 0
Arm2 = 0
ArmD2 = 0
Arm3 = 0
ArmD3 = 0
Arm4 = 0
ArmD4 = 0
Arm5 = 0
ArmD5 = 0
Arm6 = 0
ArmD6 = 0
Arm7 = 0
ArmD7 = 0
Arm8 = 0
ArmD8 = 0
Arm9 = 0
ArmD9 = 0
Arm10 = 0
ArmD10 = 0
Arm11 = 0
ArmD11 = 0
Transferida = 
