[data]
Nombre = <3 Mabel <3
Dueño = Zimmer_Jhonson
Contraseña = 457770018
Dinero = 0
Precio = 30000
VirtualWorld = 276
Interior = 15
Comprada = true
Cerrada = true
Entrada_x = 2101.562011
Entrada_y = -1075.817016
Entrada_z = 25.930887
Salida_x = 326.308105
Salida_y = 1456.211425
Salida_z = 1084.595947
Familia = 0
Contraseña_puerta = 1980
ObjData_0 = 2298|321.747|1464.327|1083.335|0.000|0.000|91.600
ObjData_1 = 2525|332.844|1463.265|1083.441|0.000|0.000|0.000
ObjData_2 = 1502|329.243|1462.468|1083.447|0.001|0.000|-89.799
ObjData_3 = 1502|327.083|1464.784|1083.415|-1.001|-0.098|0.299
ObjData_4 = 2316|332.457|1467.397|1084.620|0.000|0.000|-91.299
ObjData_5 = 1723|326.421|1467.953|1083.240|0.000|0.000|53.300
ObjData_6 = 1724|326.613|1466.028|1083.229|0.000|0.000|107.299
ObjData_7 = 2115|329.321|1468.078|1083.369|0.000|0.000|-84.099
ObjData_8 = 2134|334.597|1459.213|1083.429|0.000|0.000|-85.600
ObjData_9 = 1502|331.486|1459.724|1083.418|0.000|0.000|0.000
ObjData_10 = 2112|332.174|1467.433|1083.887|0.000|0.000|0.000
ObjData_11 = 2028|331.811|1467.814|1084.369|0.000|0.000|0.000
ObjData_12 = 2167|320.593|1460.324|1083.427|0.000|0.000|-177.000
ObjData_13 = 19354|323.369|1460.267|1084.889|0.698|0.000|-90.299
ObjData_14 = 2165|318.955|1461.050|1083.451|0.000|0.000|119.900
ObjData_15 = 2356|319.258|1462.418|1083.445|0.000|0.000|-170.700
ObjData_16 = 2527|329.755|1462.271|1083.400|0.000|0.000|0.000
ObjData_17 = 2133|334.741|1458.236|1083.378|0.000|0.000|-83.999
ObjData_18 = 2128|334.610|1457.143|1083.437|0.000|0.000|-88.599
ObjData_19 = 1742|325.588|1465.637|1083.510|0.000|0.000|-87.699
ObjData_20 = 2132|333.900|1455.065|1083.398|0.000|0.000|-178.600
ObjData_21 = 2149|334.191|1458.993|1084.798|0.000|0.000|-69.399
ObjData_22 = 19173|320.616|1460.350|1085.385|0.000|0.000|0.000
ObjData_23 = 19357|330.724|1469.935|1085.088|0.000|-0.899|-86.198
Arma_0 = 22
Arma_1 = 0
Arma_2 = 0
Arma_3 = 0
Arma_4 = 0
Arma_5 = 0
Arma_6 = 0
Arma_7 = 0
Arma_8 = 0
Arma_9 = 0
Bala_0 = 72
Bala_1 = 0
Bala_2 = 0
Bala_3 = 0
Bala_4 = 0
Bala_5 = 0
Bala_6 = 0
Bala_7 = 0
Bala_8 = 0
Bala_9 = 0
Arm0 = 71
ArmD0 = 0
Arm1 = 70
ArmD1 = 0
Arm2 = 106
ArmD2 = 8
Arm3 = 0
ArmD3 = 0
Arm4 = 0
ArmD4 = 0
Arm5 = 75
ArmD5 = 21
Arm6 = 0
ArmD6 = 0
Transferida = Zimmer_Jhonson
ObjData_24 = 1723|318.486|1459.044|1083.439|0.000|0.000|0.000
ObjData_25 = 1717|320.389|1456.285|1083.426|-2.698|-0.999|137.298
ObjData_26 = 19172|322.015|1455.503|1085.457|0.000|0.000|179.599
ObjData_27 = 2010|324.216|1456.026|1083.459|0.000|0.000|0.000
ObjData_28 = 1840|323.109|1468.187|1085.273|0.000|0.000|93.298
Arm7 = 17
ArmD7 = 100
ObjData_29 = 1839|324.164|1459.795|1084.549|0.500|0.000|51.299
Arm8 = 14
ArmD8 = 1500
Arm9 = 76
ArmD9 = 15
Arm10 = 76
ArmD10 = 15
Arm11 = 68
ArmD11 = 92
ObjData_30 = 2779|322.115|1459.671|1083.470|0.000|0.000|0.000
ObjData_31 = 19317|323.433|1460.638|1084.153|-20.799|0.000|-176.900
ObjData_32 = 1840|317.929|1459.259|1085.946|0.000|-21.699|131.500
ObjData_33 = 2047|320.720|1459.492|1085.552|0.000|0.000|0.000
ObjData_34 = 2164|322.542|1468.313|1083.430|0.000|0.000|0.000
ObjData_35 = 2268|323.236|1460.844|1085.056|0.000|0.000|179.299
ObjData_36 = 2272|324.356|1460.845|1085.105|0.000|0.000|-179.500
ObjData_37 = 2263|322.307|1460.850|1084.696|0.000|0.000|179.799
ObjData_38 = 1491|325.753|1464.062|1083.440|0.000|0.000|-88.799
ObjData_39 = 2241|322.600|1460.741|1083.815|0.000|0.000|0.000
ObjData_40 = 2195|325.313|1460.647|1084.005|0.000|0.000|0.000
