[data]
Nombre = -Bloods Gangster-
Dueño = Lavaughn_Washington
Contraseña = 19726487
Dinero = 0
Precio = 30000
VirtualWorld = 279
Interior = 15
Comprada = true
Cerrada = true
Entrada_x = 2077.451416
Entrada_y = -1057.093261
Entrada_z = 31.347654
Salida_x = 326.308105
Salida_y = 1456.211425
Salida_z = 1084.595947
Familia = 0
Contraseña_puerta = 1234
ObjData_0 = 2115|320.362|1461.659|1083.443|0.000|0.000|90.199
ObjData_1 = 2132|320.203|1459.009|1083.336|0.000|0.000|0.199
ObjData_2 = 2141|319.191|1459.053|1083.330|0.000|0.000|0.000
ObjData_3 = 2149|320.086|1459.086|1084.539|0.000|0.000|28.000
ObjData_4 = 2161|319.261|1468.338|1083.427|0.000|0.000|0.000
ObjData_5 = 1208|330.291|1460.032|1083.440|0.000|0.000|0.000
ObjData_6 = 2524|332.808|1461.557|1083.425|0.000|0.000|-93.699
ObjData_7 = 2525|332.664|1463.271|1083.440|0.000|0.000|0.000
ObjData_8 = 2135|318.176|1458.983|1083.298|0.000|0.000|0.000
ObjData_9 = 2103|319.494|1468.050|1084.755|0.000|0.000|0.000
ObjData_10 = 2299|326.411|1466.406|1083.370|0.000|0.000|0.000
ObjData_11 = 2300|330.861|1458.161|1083.476|0.000|0.000|-91.598
ObjData_12 = 2120|319.435|1456.176|1084.014|0.000|0.000|-140.300
ObjData_13 = 2120|321.342|1456.322|1084.061|0.000|0.000|0.000
ObjData_14 = 2120|321.057|1462.132|1084.005|0.000|0.000|0.000
ObjData_15 = 2120|320.373|1463.479|1084.149|3.400|-0.500|85.900
ObjData_16 = 2120|319.530|1462.027|1084.018|0.000|0.000|179.800
ObjData_17 = 2028|323.411|1467.824|1084.008|0.000|0.000|-14.699
ObjData_18 = 2313|323.390|1467.892|1083.449|0.000|0.000|0.000
ObjData_19 = 2312|324.446|1467.868|1084.336|0.000|0.000|-23.200
ObjData_20 = 2526|331.001|1463.335|1083.375|0.000|0.000|179.699
ObjData_21 = 2112|320.286|1456.194|1083.837|0.000|0.000|0.000
ObjData_22 = 2120|320.457|1460.858|1083.918|0.000|-1.500|-87.598
ObjData_23 = 2120|329.548|1469.338|1084.039|0.000|0.000|86.500
ObjData_24 = 2069|329.598|1459.265|1083.501|0.000|0.000|0.000
ObjData_25 = 2069|332.403|1465.491|1083.549|0.000|0.000|0.000
ObjData_26 = 1738|317.872|1462.692|1083.964|0.000|0.000|90.099
ObjData_27 = 1502|327.087|1464.911|1083.434|0.000|0.000|0.000
ObjData_28 = 1502|329.208|1462.465|1083.459|0.000|0.000|-86.700
ObjData_29 = 1502|331.512|1459.706|1083.440|0.000|0.000|0.000
ObjData_30 = 1502|324.773|1456.772|1083.437|0.000|0.300|89.499
ObjData_31 = 1502|329.162|1458.393|1083.413|0.399|-0.599|-85.999
ObjData_32 = 1723|324.610|1464.630|1083.463|2.698|0.098|175.300
ObjData_33 = 1840|318.257|1466.031|1083.426|0.000|0.000|162.800
ObjData_34 = 1840|318.209|1464.734|1083.427|0.000|0.000|171.099
ObjData_35 = 1839|318.090|1465.396|1083.420|0.000|0.000|-179.100
ObjData_36 = 19173|332.810|1467.083|1085.730|0.000|0.000|-89.299
ObjData_37 = 19446|319.959|1458.365|1083.420|0.199|-88.300|-89.699
ObjData_38 = 19446|319.979|1456.864|1083.383|0.199|91.100|-88.799
ObjData_39 = 19356|325.878|1466.489|1085.080|0.000|0.000|0.000
ObjData_40 = 19356|325.784|1469.701|1084.709|0.000|0.000|0.000
ObjData_41 = 19356|327.581|1470.053|1085.009|-91.199|0.599|90.500
ObjData_42 = 2779|325.102|1461.443|1083.444|0.000|0.000|-89.000
ObjData_43 = 2313|332.396|1468.024|1083.439|0.000|0.000|-89.099
ObjData_44 = 2316|332.397|1467.329|1084.309|0.000|0.000|-90.899
ObjData_45 = 1755|321.041|1467.813|1083.515|0.000|0.000|0.000
ObjData_46 = 2322|329.534|1454.972|1086.114|16.300|0.599|142.899
ObjData_47 = 1760|328.646|1460.645|1083.421|-0.500|-1.400|-90.899
ObjData_48 = 1828|330.762|1456.590|1083.417|0.000|0.000|-89.500
ObjData_49 = 1828|326.691|1458.390|1083.439|0.000|0.000|79.599
Arma_0 = 0
Arma_1 = 32
Arma_2 = 0
Arma_3 = 0
Arma_4 = 0
Arma_5 = 0
Arma_6 = 0
Arma_7 = 0
Arma_8 = 0
Arma_9 = 0
Bala_0 = 0
Bala_1 = 280
Bala_2 = 0
Bala_3 = 0
Bala_4 = 0
Bala_5 = 0
Bala_6 = 0
Bala_7 = 0
Bala_8 = 0
Bala_9 = 0
Arm0 = 1
ArmD0 = 1
Arm1 = 73
ArmD1 = 80
Arm2 = 0
ArmD2 = 0
Arm3 = 0
ArmD3 = 0
Arm4 = 0
ArmD4 = 0
Arm5 = 0
ArmD5 = 0
Arm6 = 114
ArmD6 = 99
Arm7 = 0
ArmD7 = 0
Arm8 = 0
ArmD8 = 0
Arm9 = 23
ArmD9 = 0
Arm10 = 0
ArmD10 = 0
Transferida = 
