[data]
Nombre = Semi-Mansion Burns
Dueño = Sebas_Burns
Contraseña = 0
Dinero = 0
Precio = 30000
VirtualWorld = 281
Interior = 15
Comprada = true
Cerrada = true
Entrada_x = 2278.834716
Entrada_y = -1077.457885
Entrada_z = 48.241176
Salida_x = 326.308105
Salida_y = 1456.211425
Salida_z = 1084.595947
Familia = 0
Contraseña_puerta = 5432
Arma_0 = 27
Arma_1 = 0
Arma_2 = 0
Arma_3 = 30
Arma_4 = 25
Arma_5 = 0
Arma_6 = 0
Arma_7 = 0
Arma_8 = 0
Arma_9 = 0
Bala_0 = 10000
Bala_1 = 0
Bala_2 = 0
Bala_3 = 119
Bala_4 = 10000
Bala_5 = 0
Bala_6 = 0
Bala_7 = 0
Bala_8 = 0
Bala_9 = 0
ObjData_0 = 1502|325.698|1464.084|1083.415|0.000|0.000|-87.899
ObjData_1 = 1760|318.232|1463.085|1083.416|0.000|0.000|90.800
ObjData_2 = 1502|319.641|1457.989|1083.417|0.000|0.000|-1.399
ObjData_3 = 1502|329.025|1458.354|1083.535|1.799|-0.298|-89.098
ObjData_4 = 1502|322.207|1460.120|1083.365|-0.800|-0.099|-0.500
ObjData_5 = 2301|329.536|1468.015|1083.438|0.000|0.000|-90.900
ObjData_6 = 1735|328.697|1469.421|1083.406|0.000|0.000|-32.300
ObjData_7 = 2161|321.453|1468.334|1084.596|0.000|0.000|0.000
ObjData_8 = 1409|323.647|1466.511|1083.774|-177.900|-0.299|0.000
Arm0 = 9
ArmD0 = 29
ObjData_9 = 1649|325.876|1467.408|1085.940|-0.099|-0.300|90.099
ObjData_10 = 19357|325.745|1467.424|1084.439|0.000|0.999|0.000
ObjData_11 = 2313|326.147|1466.738|1083.859|0.000|0.000|90.200
ObjData_12 = 19173|325.621|1466.976|1085.676|0.000|0.000|-90.899
ObjData_13 = 1840|326.277|1468.769|1083.911|0.000|0.000|-178.599
ObjData_14 = 1840|326.001|1466.064|1083.859|0.000|0.000|-175.999
ObjData_15 = 16779|321.338|1464.003|1086.640|0.000|0.000|0.000
ObjData_16 = 2964|321.642|1464.201|1083.269|0.000|0.000|90.099
ObjData_17 = 1727|322.335|1467.334|1083.275|0.000|0.000|44.199
ObjData_18 = 1726|324.976|1467.787|1083.356|0.000|0.000|-87.599
ObjData_19 = 2069|317.987|1466.140|1083.467|0.000|0.000|53.699
ObjData_20 = 2069|318.042|1461.931|1083.486|0.000|0.000|0.000
ObjData_21 = 19172|317.787|1464.107|1085.479|0.000|0.000|89.999
ObjData_22 = 19166|320.107|1460.392|1085.272|89.199|-179.800|-0.700
ObjData_23 = 2161|320.089|1468.277|1084.589|0.000|0.000|0.000
ObjData_24 = 19384|323.005|1460.179|1085.107|0.000|0.000|90.399
ObjData_25 = 19354|329.245|1461.466|1085.019|0.000|0.000|0.000
ObjData_26 = 16779|331.403|1457.315|1086.478|0.000|0.000|0.000
ObjData_27 = 1828|328.518|1467.443|1083.489|0.000|0.000|50.699
ObjData_28 = 19317|332.680|1467.507|1085.528|-1.299|74.300|-90.299
ObjData_29 = 1840|332.578|1469.577|1085.640|0.000|-8.099|28.500
ObjData_30 = 1840|332.702|1465.146|1085.712|0.000|-11.699|-30.299
ObjData_31 = 19172|332.169|1454.545|1085.129|0.000|0.000|-178.999
ObjData_32 = 19173|329.109|1459.625|1085.570|0.000|0.000|-88.499
ObjData_33 = 19166|335.240|1457.108|1085.249|89.799|5.300|-93.299
ObjData_34 = 2079|333.772|1457.084|1084.020|0.000|0.000|0.000
ObjData_35 = 2079|332.703|1456.371|1084.000|0.000|0.000|-88.399
ObjData_36 = 2079|332.680|1458.028|1084.008|0.000|0.000|91.299
ObjData_37 = 2079|331.740|1457.220|1084.028|0.000|0.000|-173.800
ObjData_38 = 2161|324.039|1455.504|1084.631|0.000|0.000|178.600
ObjData_39 = 16779|330.778|1467.174|1086.530|0.000|0.000|0.000
Arm1 = 30
ArmD1 = 0
Arm2 = 30
ArmD2 = 0
Arm3 = 5
ArmD3 = 5
Arm4 = 26
ArmD4 = 0
Arm5 = 26
ArmD5 = 0
Arm6 = 26
ArmD6 = 0
Arm7 = 5
ArmD7 = 4
ObjData_40 = 1502|327.098|1464.810|1083.429|0.000|0.000|0.000
ObjData_41 = 0|0.000|0.000|0.000|0.000|0.000|0.000
ObjData_42 = 2525|318.169|1458.691|1083.434|0.000|0.000|88.499
ObjData_43 = 2524|320.882|1456.024|1083.455|0.000|0.000|178.600
ObjData_44 = 2526|318.171|1457.246|1083.437|0.000|0.000|-90.599
Arm8 = 5
ArmD8 = 5
Arm9 = 25
ArmD9 = 0
Arm10 = 25
ArmD10 = 0
Arm11 = 75
ArmD11 = 22
Transferida = 
