[data]
Nombre = Recidencia Selene Luna
Dueño = Deybin_Stoch
Contraseña = 460391583
Dinero = 0
Precio = 30000
VirtualWorld = 284
Interior = 15
Comprada = true
Cerrada = true
Entrada_x = 2083.051025
Entrada_y = -1039.660400
Entrada_z = 32.209617
Salida_x = 326.308105
Salida_y = 1456.211425
Salida_z = 1084.595947
Familia = 0
Contraseña_puerta = 2809
Arma_0 = 23
Arma_1 = 0
Arma_2 = 0
Arma_3 = 0
Arma_4 = 0
Arma_5 = 0
Arma_6 = 0
Arma_7 = 0
Arma_8 = 0
Arma_9 = 0
Bala_0 = 78
Bala_1 = 0
Bala_2 = 0
Bala_3 = 0
Bala_4 = 0
Bala_5 = 0
Bala_6 = 0
Bala_7 = 0
Bala_8 = 0
Bala_9 = 0
ObjData_0 = 2301|329.289|1466.403|1083.419|0.000|0.000|0.000
ObjData_1 = 19356|0.000|0.000|0.000|0.000|0.000|0.000
Arm0 = 74
ArmD0 = 150
ObjData_2 = 19357|0.000|0.000|0.000|89.800|-104.600|15.500
ObjData_3 = 1409|0.000|0.000|0.000|0.000|0.000|0.000
ObjData_4 = 1726|334.404|1458.220|1083.267|3.500|0.300|-80.299
Transferida = 
Arm1 = 73
ArmD1 = 195
Arm2 = 73
ArmD2 = 201
Arm3 = 73
ArmD3 = 73
Arm4 = 0
ArmD4 = 0
Arm5 = 0
ArmD5 = 0
Arm6 = 33
ArmD6 = 0
Arm7 = 0
ArmD7 = 0
Arm8 = 36
ArmD8 = 0
Arm9 = 0
ArmD9 = 0
ObjData_5 = 19401|0.000|0.000|0.000|0.000|0.000|0.000
ObjData_6 = 2139|0.000|0.000|0.000|0.000|0.000|0.000
Arm10 = 0
ArmD10 = 0
Arm11 = 45
ArmD11 = 0
ObjData_7 = 19354|0.000|0.000|0.000|0.000|0.000|0.000
ObjData_8 = 19384|0.000|0.000|0.000|0.000|0.000|0.000
ObjData_9 = 19354|0.000|0.000|0.000|0.000|0.000|0.000
ObjData_10 = 19400|0.000|0.000|0.000|0.000|0.000|0.000
ObjData_11 = 2136|0.000|0.000|0.000|0.000|0.000|0.000
