[data]
Nombre = >||*-*Family Snow*-*||<
Dueño = Tyshad_Armstrong
Contraseña = 70582586
Dinero = 0
Precio = 25750
VirtualWorld = 287
Interior = 2
Comprada = true
Cerrada = true
Entrada_x = -607.397766
Entrada_y = -1074.286499
Entrada_z = 23.507663
Salida_x = 266.499664
Salida_y = 304.954559
Salida_z = 999.148437
Familia = 0
Contraseña_puerta = 1796
ObjData_0 = 2525|273.763|302.811|998.155|0.000|0.000|-83.499
ObjData_1 = 1502|271.205|303.587|998.135|0.000|0.000|0.000
ObjData_2 = 19429|273.524|303.586|999.898|0.000|0.000|-87.999
ObjData_3 = 19429|271.124|302.888|999.896|0.000|0.000|0.000
ObjData_4 = 19429|271.996|303.573|1002.387|-0.099|0.799|-92.499
ObjData_5 = 19173|266.247|305.021|1001.446|0.399|-0.999|-90.100
ObjData_6 = 19172|274.250|305.193|1000.559|0.000|0.000|-90.699
ObjData_7 = 19166|268.659|302.093|999.993|88.800|-165.399|-14.600
ObjData_8 = 2103|273.719|305.209|998.708|0.000|0.000|-85.499
ObjData_9 = 2090|269.733|305.490|998.145|0.000|0.000|0.000
ObjData_10 = 2196|268.625|302.432|998.948|0.000|0.000|141.000
ObjData_11 = 1817|273.231|305.658|998.185|0.000|0.000|-87.899
ObjData_12 = 1808|266.563|302.390|998.155|0.000|0.000|129.999
ObjData_13 = 16779|270.307|305.790|1002.248|0.000|0.000|0.000
ObjData_14 = 2779|267.522|307.456|998.137|0.000|0.000|42.099
ObjData_15 = 2255|266.760|303.015|1000.229|0.000|0.000|87.200
ObjData_16 = 1786|268.830|301.892|1000.840|-3.399|-1.499|-173.399
ObjData_17 = 1744|269.127|301.943|1000.539|0.000|0.000|-179.900
ObjData_18 = 1946|266.915|303.407|998.298|0.000|0.000|0.000
ObjData_19 = 2266|266.740|306.520|1000.128|0.000|0.000|91.299
ObjData_20 = 2165|269.380|302.620|998.158|0.000|0.000|-178.100
ObjData_21 = 2167|272.621|308.473|998.158|0.000|0.000|-41.899
Transferida = Tyshad_Armstrong
Arm0 = 0
ArmD0 = 0
Arm1 = 0
ArmD1 = 0
Arm2 = 0
ArmD2 = 0
Arm3 = 0
ArmD3 = 0
Arm4 = 0
ArmD4 = 0
Arm5 = 0
ArmD5 = 0
Arm6 = 0
ArmD6 = 0
Arm7 = 0
ArmD7 = 0
Arm8 = 0
ArmD8 = 0
Arm9 = 0
ArmD9 = 0
Arm10 = 0
ArmD10 = 0
Arm11 = 0
ArmD11 = 0
ObjData_22 = 2356|268.836|303.822|998.138|0.000|0.000|177.500
ObjData_23 = 19317|266.479|306.698|998.883|-15.899|12.299|88.100
ObjData_24 = 1840|273.716|305.901|998.705|0.000|0.000|0.000
ObjData_25 = 1840|268.203|302.503|998.948|0.000|0.000|-124.299
ObjData_26 = 2264|270.278|302.574|1000.258|0.000|0.000|-179.600
ObjData_27 = 2262|267.006|302.553|1000.658|0.000|0.000|-179.999
ObjData_28 = 1840|273.841|304.509|998.688|0.000|0.000|0.000
ObjData_29 = 0|0.000|0.000|0.000|0.000|0.000|0.000
ObjData_30 = 0|0.000|0.000|0.000|0.000|0.000|0.000
ObjData_31 = 0|0.000|0.000|0.000|0.000|0.000|0.000
ObjData_32 = 0|0.000|0.000|0.000|0.000|0.000|0.000
