[data]
Nombre = El Loco Matt | Loft |
Dueño = Matias_Ceballos
Contraseña = 35455196
Dinero = 0
Precio = 35000
VirtualWorld = 291
Interior = 1
Comprada = true
Cerrada = false
Entrada_x = 2111.215087
Entrada_y = -1279.414550
Entrada_z = 25.687500
Salida_x = 223.414306
Salida_y = 1273.432006
Salida_z = 1082.140014
Familia = 0
Contraseña_puerta = 123
ObjData_0 = 2161|232.526|1271.746|1082.422|1.501|-0.299|177.300
ObjData_1 = 2132|217.048|1277.191|1081.160|0.298|0.000|92.400
ObjData_2 = 2165|227.203|1279.402|1081.145|0.000|0.000|-92.299
ObjData_3 = 2312|228.399|1275.778|1084.029|18.100|0.000|89.999
ObjData_4 = 1808|216.895|1278.972|1081.113|-0.100|-0.499|90.697
ObjData_5 = 1742|229.344|1271.721|1081.166|-0.399|-0.099|-178.400
ObjData_6 = 1723|227.135|1273.283|1081.157|0.000|0.000|-179.799
ObjData_7 = 2298|230.501|1276.624|1081.161|0.799|-1.299|-91.700
ObjData_8 = 1502|228.054|1276.657|1081.139|0.000|0.000|-89.198
ObjData_9 = 1502|219.342|1272.970|1081.146|0.000|0.000|89.898
ObjData_10 = 2086|220.630|1277.335|1081.505|0.000|0.000|0.000
Arma_0 = 32
Arma_1 = 22
Arma_2 = 27
Arma_3 = 24
Arma_4 = 22
Arma_5 = 29
Arma_6 = 0
Arma_7 = 0
Arma_8 = 0
Arma_9 = 0
Bala_0 = 200
Bala_1 = 80
Bala_2 = 70
Bala_3 = 37
Bala_4 = 80
Bala_5 = 150
Bala_6 = 0
Bala_7 = 0
Bala_8 = 0
Bala_9 = 0
ObjData_11 = 1409|216.900|1279.644|1081.267|0.000|0.000|88.000
ObjData_12 = 2079|219.636|1277.268|1081.807|0.000|0.000|-157.899
ObjData_13 = 2079|226.389|1279.098|1081.788|0.000|0.000|147.098
ObjData_14 = 16779|232.315|1274.899|1084.818|0.000|0.000|0.000
ObjData_15 = 2527|218.676|1275.029|1081.156|0.000|0.000|0.000
ObjData_16 = 2524|217.862|1273.264|1081.166|0.000|0.000|178.599
ObjData_17 = 2525|217.525|1275.947|1081.186|0.000|0.000|0.000
ObjData_18 = 1649|0.000|0.000|0.000|0.000|0.000|0.000
ObjData_19 = 2103|0.000|0.000|0.000|0.000|0.000|0.000
ObjData_20 = 1840|221.621|1279.747|1083.680|0.399|-16.000|135.399
ObjData_21 = 1840|227.514|1279.785|1083.660|-1.199|-23.400|41.699
ObjData_22 = 0|0.000|0.000|0.000|0.000|0.000|0.000
Arm0 = 0
ArmD0 = 0
Arm1 = 0
ArmD1 = 0
Arm2 = 0
ArmD2 = 0
Arm3 = 0
ArmD3 = 0
Arm4 = 0
ArmD4 = 0
Arm5 = 0
ArmD5 = 0
Arm6 = 0
ArmD6 = 0
Arm7 = 0
ArmD7 = 0
Arm8 = 0
ArmD8 = 0
Arm9 = 0
ArmD9 = 0
Arm10 = 0
ArmD10 = 0
Arm11 = 0
ArmD11 = 0
Transferida = Matias_Ceballos
