[data]
Nombre = En venta 164176
Dueño = Luis_Ramos
Contraseña = 71827771
Dinero = 0
Precio = 35000
VirtualWorld = 294
Interior = 1
Comprada = true
Cerrada = true
Entrada_x = 2230.157470
Entrada_y = -1280.342529
Entrada_z = 25.367187
Salida_x = 223.414306
Salida_y = 1273.432006
Salida_z = 1082.140014
Familia = 0
Contraseña_puerta = 4567
ObjData_0 = 2298|230.619|1277.457|1081.096|0.000|0.000|-90.099
ObjData_1 = 2316|229.017|1272.515|1082.024|0.200|-1.098|129.800
ObjData_2 = 1840|228.597|1273.169|1081.136|0.000|0.000|-119.100
ObjData_3 = 2069|234.211|1277.470|1080.206|0.000|0.000|0.000
ObjData_4 = 1502|228.100|1276.670|1081.116|0.500|-0.600|-89.899
ObjData_5 = 2525|217.379|1273.172|1081.107|0.000|0.000|89.799
ObjData_6 = 2524|217.408|1273.644|1081.143|0.000|0.199|91.000
ObjData_7 = 1817|221.415|1277.862|1081.130|0.000|0.000|-89.599
ObjData_8 = 2069|234.244|1274.784|1080.205|0.000|0.000|0.000
ObjData_9 = 1502|219.421|1274.509|1081.136|0.000|0.000|-89.699
ObjData_10 = 2131|231.723|1272.308|1081.086|0.000|0.000|-179.899
ObjData_11 = 1742|219.385|1275.273|1081.130|0.000|0.000|89.999
Arma_0 = 34
Arma_1 = 23
Arma_2 = 26
Arma_3 = 24
Arma_4 = 0
Arma_5 = 0
Arma_6 = 0
Arma_7 = 0
Arma_8 = 0
Arma_9 = 0
Bala_0 = 5
Bala_1 = 48
Bala_2 = 12
Bala_3 = 63
Bala_4 = 0
Bala_5 = 0
Bala_6 = 0
Bala_7 = 0
Bala_8 = 0
Bala_9 = 0
ObjData_12 = 2133|234.171|1273.907|1081.117|0.000|0.000|-89.799
ObjData_13 = 2161|228.360|1273.887|1082.288|0.000|0.000|89.899
ObjData_14 = 19172|234.500|1276.660|1082.918|0.000|0.000|-89.699
ObjData_15 = 1828|223.410|1272.017|1081.109|0.000|0.000|-90.799
ObjData_16 = 2313|229.413|1271.927|1081.135|0.000|0.000|132.000
ObjData_17 = 2316|221.869|1277.362|1081.939|0.000|0.000|89.899
ObjData_18 = 1649|216.256|1275.342|1082.538|0.000|0.000|0.000
ObjData_19 = 2964|217.340|1275.989|1080.246|0.000|0.000|0.000
ObjData_20 = 2165|234.021|1272.281|1081.086|0.000|0.000|-179.599
ObjData_21 = 2356|233.410|1273.238|1081.107|0.000|0.000|-178.000
ObjData_22 = 2964|217.377|1275.994|1085.021|-178.700|0.000|0.000
ObjData_23 = 1649|216.319|1275.423|1082.130|0.000|0.000|179.900
ObjData_24 = 2112|226.414|1279.478|1081.539|0.000|0.000|0.000
ObjData_25 = 2112|225.388|1279.475|1081.539|0.000|0.000|0.000
ObjData_26 = 2079|0.000|0.000|0.000|0.000|0.000|-88.198
ObjData_27 = 2079|0.000|0.000|0.000|0.000|0.000|-88.599
ObjData_28 = 2079|0.000|0.000|0.000|0.000|0.000|0.000
ObjData_29 = 2079|224.122|1279.560|1081.756|0.000|0.000|-179.998
ObjData_30 = 2079|225.356|1278.157|1081.847|0.000|0.000|-93.000
ObjData_31 = 2079|226.516|1278.144|1081.837|0.000|0.000|-91.600
ObjData_32 = 2149|219.813|1277.106|1082.310|0.000|0.000|-179.999
ObjData_33 = 1723|227.259|1274.656|1081.057|0.000|0.000|-133.399
ObjData_34 = 2135|220.832|1277.198|1081.106|0.000|0.000|-179.599
ObjData_35 = 2137|219.860|1277.195|1081.106|0.000|0.000|179.799
ObjData_36 = 2136|218.881|1277.179|1081.106|0.000|0.000|179.999
ObjData_37 = 2140|217.049|1279.454|1081.106|0.000|0.000|90.199
ObjData_38 = 2202|0.000|0.000|0.000|1.800|0.200|91.000
ObjData_39 = 1409|216.911|1277.102|1081.237|0.000|0.000|0.000
ObjData_40 = 1808|216.719|1278.583|1081.117|0.000|0.000|90.099
ObjData_41 = 1738|221.117|1272.934|1081.757|0.000|0.000|0.000
Arm0 = 0
ArmD0 = 0
Arm1 = 0
ArmD1 = 0
Arm2 = 0
ArmD2 = 0
Arm3 = 0
ArmD3 = 0
Arm4 = 0
ArmD4 = 0
Arm5 = 0
ArmD5 = 0
Arm6 = 0
ArmD6 = 0
Arm7 = 0
ArmD7 = 0
Arm8 = 0
ArmD8 = 0
Arm9 = 0
ArmD9 = 0
Arm10 = 0
ArmD10 = 0
Arm11 = 0
ArmD11 = 0
Transferida = 
