[data]
Nombre = || Sweet Home ||
Dueño = David_Amaya
Contraseña = 0
Dinero = 0
Precio = 1
VirtualWorld = 299
Interior = 5
Comprada = true
Cerrada = true
Entrada_x = 1259.641235
Entrada_y = -785.298217
Entrada_z = 92.031250
Salida_x = 1299.058593
Salida_y = -796.149597
Salida_z = 1084.007812
Familia = 0
Contraseña_puerta = 1234
ObjData_0 = 1502|1300.525|-783.443|1083.057|0.000|0.000|0.000
ObjData_1 = 1502|1303.554|-783.418|1083.067|0.000|0.000|179.600
ObjData_2 = 1649|1286.595|-772.076|1082.955|-88.899|0.000|90.299
ObjData_3 = 1649|1280.116|-772.124|1083.027|-91.199|0.000|-89.799
ObjData_4 = 1649|1283.324|-772.109|1083.006|-89.600|0.000|90.100
ObjData_5 = 1649|1276.819|-772.153|1083.023|-90.400|0.000|89.799
ObjData_6 = 1649|1273.834|-772.150|1082.983|-90.500|0.000|89.999
ObjData_7 = 1649|0.000|0.000|0.000|-90.999|0.000|-90.098
ObjData_8 = 2526|1262.423|-781.703|1082.968|0.000|0.000|-91.199
ObjData_9 = 2524|1262.860|-778.710|1082.978|0.000|0.000|-88.699
Arma_0 = 31
Arma_1 = 31
Arma_2 = 31
Arma_3 = 27
Arma_4 = 31
Arma_5 = 25
Arma_6 = 29
Arma_7 = 14
Arma_8 = 26
Arma_9 = 32
Bala_0 = 454
Bala_1 = 520
Bala_2 = 438
Bala_3 = 552
Bala_4 = 520
Bala_5 = 40
Bala_6 = 89
Bala_7 = 1
Bala_8 = 184
Bala_9 = 344
ObjData_10 = 1649|1283.323|-776.539|1083.012|-90.400|0.000|-89.899
ObjData_11 = 1649|1280.059|-776.558|1083.031|-90.400|0.000|-89.399
ObjData_12 = 1649|1276.787|-776.610|1083.032|-89.399|0.000|-89.200
ObjData_13 = 1649|1273.883|-776.570|1082.959|-90.799|0.000|90.899
ObjData_14 = 2525|1260.701|-778.015|1082.997|0.000|0.000|89.200
ObjData_15 = 1208|1264.493|-779.786|1083.657|0.000|0.000|-87.800
ObjData_16 = 2964|1260.763|-783.522|1082.155|-0.599|0.000|-89.399
ObjData_17 = 1502|1265.166|-775.402|1083.007|0.000|0.000|0.000
ObjData_18 = 1502|1261.170|-775.398|1082.997|0.000|0.000|0.000
ObjData_19 = 2964|1273.269|-788.472|1082.977|0.000|0.000|0.000
ObjData_20 = 1649|1261.490|-784.628|1084.007|0.000|0.000|91.799
ObjData_21 = 1409|1267.065|-783.493|1083.117|0.000|0.000|0.000
ObjData_22 = 2134|1264.660|-781.615|1083.627|0.000|0.000|91.699
ObjData_23 = 1723|1295.522|-792.531|1082.977|0.000|0.000|89.400
ObjData_24 = 2202|1225.013|-810.199|1083.007|0.000|0.000|90.300
ObjData_25 = 2161|1263.829|-764.269|1084.007|0.000|0.000|0.000
ObjData_26 = 19317|1280.125|-779.454|1085.143|2.199|40.599|179.099
ObjData_27 = 1649|1259.243|-782.740|1086.700|-0.000|0.000|-171.100
ObjData_28 = 1649|1261.434|-784.632|1086.739|0.000|0.000|90.700
ObjData_29 = 2069|1260.748|-782.998|1086.067|0.000|0.000|0.000
Arm0 = 9
ArmD0 = 2
Arm1 = 30
ArmD1 = 0
Arm2 = 30
ArmD2 = 0
Arm3 = 30
ArmD3 = 0
Arm4 = 30
ArmD4 = 0
Arm5 = 30
ArmD5 = 0
Arm6 = 30
ArmD6 = 0
Arm7 = 30
ArmD7 = 0
Arm8 = 30
ArmD8 = 0
Arm9 = 30
ArmD9 = 0
Arm10 = 13
ArmD10 = 0
Arm11 = 0
ArmD11 = 0
Transferida = David_Amaya
