[data]
Nombre = Mafia Italiana
Due単o = Sin due単o
Contrase単a = 0
Dinero = 0
Precio = 100000000
VirtualWorld = 102
Interior = 7
Comprada = false
Cerrada = false
Entrada_x = 2814.675781
Entrada_y = 973.500305
Entrada_z = 10.750000
Salida_x = 250.445693
Salida_y = 995.373413
Salida_z = 1084.726562
Familia = 0
Contrase単a_puerta = 0
Arm0 = 0
ArmD0 = 0
Arm1 = 104
ArmD1 = 0
Arm2 = 104
ArmD2 = 0
Arm3 = 102
ArmD3 = 0
Arm4 = 104
ArmD4 = 0
Arm5 = 104
ArmD5 = 0
Arm6 = 104
ArmD6 = 0
Arm7 = 0
ArmD7 = 0
Arm8 = 0
ArmD8 = 0
Arm9 = 0
ArmD9 = 0
Arm10 = 0
ArmD10 = 0
Arm11 = 0
ArmD11 = 0
Transferida = 
