[data]
Nombre = Guilleshito
Dueño = Guille_Cripiani
Contraseña = 32243909
Dinero = 0
Precio = 650000
VirtualWorld = 120
Interior = 7
Comprada = true
Cerrada = false
Entrada_x = 1112.642822
Entrada_y = -742.065246
Entrada_z = 100.132926
Salida_x = 250.445693
Salida_y = 995.373413
Salida_z = 1084.726562
Caja_Fuerte_x = 0.000000
Caja_Fuerte_y = 0.000000
Caja_Fuerte_z = 0.000000
Familia = 0
Ropa_0 = 0
Ropa_1 = 0
Ropa_2 = 0
Ropa_3 = 0
Ropa_4 = 0
Ropa_5 = 0
Ropa_6 = 0
Ropa_7 = 0
Ropa_8 = 0
Ropa_9 = 0
Contraseña_puerta = 1234
Arma_0 = 0
Arma_1 = 30
Arma_2 = 29
Arma_3 = 34
Arma_4 = 30
Arma_5 = 0
Arma_6 = 0
Arma_7 = 0
Arma_8 = 0
Arma_9 = 0
Bala_0 = 0
Bala_1 = 9571
Bala_2 = 14961
Bala_3 = 25
Bala_4 = 330
Bala_5 = 0
Bala_6 = 0
Bala_7 = 0
Bala_8 = 0
Bala_9 = 0
ObjData_0 = 2149|0.000|0.000|0.000|0.000|0.000|0.000
ObjData_1 = 2103|0.000|0.000|0.000|0.000|0.000|0.000
ObjData_2 = 2165|0.000|0.000|0.000|0.000|0.000|0.000
ObjData_3 = 1409|0.000|0.000|0.000|0.000|0.000|0.000
ObjData_4 = 2779|0.000|0.000|0.000|0.000|0.000|0.000
ObjData_5 = 2964|0.000|0.000|0.000|0.000|0.000|0.000
ObjData_6 = 1840|0.000|0.000|0.000|0.000|0.000|0.000
ObjData_7 = 1840|0.000|0.000|0.000|0.000|0.000|0.000
ObjData_8 = 1839|0.000|0.000|0.000|0.000|0.000|0.000
ObjData_9 = 2356|0.000|0.000|0.000|0.000|0.000|0.000
ObjData_10 = 1208|0.000|0.000|0.000|0.000|0.000|0.000
ObjData_11 = 2202|0.000|0.000|0.000|0.000|0.000|0.000
ObjData_12 = 2069|0.000|0.000|0.000|0.000|0.000|0.000
ObjData_13 = 2069|0.000|0.000|0.000|0.000|0.000|0.000
ObjData_14 = 2069|0.000|0.000|0.000|0.000|0.000|0.000
ObjData_15 = 2069|0.000|0.000|0.000|0.000|0.000|0.000
ObjData_16 = 1808|0.000|0.000|0.000|0.000|0.000|0.000
ObjData_17 = 1723|0.000|0.000|0.000|0.000|0.000|0.000
ObjData_18 = 1724|0.000|0.000|0.000|0.000|0.000|0.000
ObjData_19 = 1724|0.000|0.000|0.000|0.000|0.000|0.000
ObjData_20 = 1724|0.000|0.000|0.000|0.000|0.000|0.000
ObjData_21 = 1724|0.000|0.000|0.000|0.000|0.000|0.000
ObjData_22 = 2128|244.445|977.968|1083.014|0.000|0.000|-89.500
ObjData_23 = 2136|0.000|0.000|0.000|0.000|0.000|0.000
ObjData_24 = 2129|0.000|0.000|0.000|0.000|0.000|0.000
ObjData_25 = 0|0.000|0.000|0.000|0.000|0.000|0.000
ObjData_26 = 0|0.000|0.000|0.000|0.000|0.000|0.000
ObjData_27 = 16779|0.000|0.000|0.000|0.000|0.000|0.000
ObjData_28 = 16779|0.000|0.000|0.000|0.000|0.000|0.000
ObjData_29 = 1502|0.000|0.000|0.000|0.000|0.000|0.000
ObjData_30 = 1502|0.000|0.000|0.000|0.000|0.000|0.000
ObjData_31 = 1502|0.000|0.000|0.000|0.000|0.000|0.000
ObjData_32 = 2130|0.000|0.000|0.000|0.000|0.000|0.000
ObjData_33 = 2128|0.000|0.000|0.000|0.000|0.000|0.000
ObjData_34 = 2127|244.434|978.960|1083.013|0.000|0.000|-89.700
ObjData_35 = 2129|0.000|0.000|0.000|0.000|0.000|0.000
ObjData_36 = 2294|244.427|979.957|1083.015|0.000|0.000|-89.599
ObjData_37 = 2130|244.388|981.953|1083.013|0.000|0.000|-88.900
ObjData_38 = 0|0.000|0.000|0.000|0.000|0.000|0.000
ObjData_39 = 2128|0.000|0.000|0.000|0.000|0.000|0.000
ObjData_40 = 0|0.000|0.000|0.000|0.000|0.000|0.000
ObjData_41 = 0|0.000|0.000|0.000|0.000|0.000|0.000
ObjData_42 = 0|0.000|0.000|0.000|0.000|0.000|0.000
ObjData_43 = 0|0.000|0.000|0.000|0.000|0.000|0.000
ObjData_44 = 0|0.000|0.000|0.000|0.000|0.000|0.000
ObjData_45 = 0|0.000|0.000|0.000|0.000|0.000|0.000
ObjData_46 = 0|0.000|0.000|0.000|0.000|0.000|0.000
ObjData_47 = 0|0.000|0.000|0.000|0.000|0.000|0.000
ObjData_48 = 0|0.000|0.000|0.000|0.000|0.000|0.000
ObjData_49 = 0|0.000|0.000|0.000|0.000|0.000|0.000
Arm0 = 36
ArmD0 = 15
Transferida = Guille_Cripiani
Arm1 = 74
ArmD1 = 500
Arm2 = 10
ArmD2 = 26
Arm3 = 0
ArmD3 = 0
Arm4 = 0
ArmD4 = 0
Arm5 = 74
ArmD5 = 500
Arm6 = 73
ArmD6 = 790
Arm7 = 0
ArmD7 = 0
