[data]
Nombre = Park North Side XIV
Dueño = Malcolm_Eastwood
Contraseña = 0
Dinero = 0
Precio = 1
VirtualWorld = 305
Interior = 10
Comprada = true
Cerrada = false
Entrada_x = 1870.757934
Entrada_y = -2021.375000
Entrada_z = 13.546875
Salida_x = 23.908735
Salida_y = 1320.530151
Salida_z = 1084.375000
Familia = 0
Contraseña_puerta = 421
Arma_0 = 29
Arma_1 = 22
Arma_2 = 29
Arma_3 = 27
Arma_4 = 25
Arma_5 = 31
Arma_6 = 34
Arma_7 = 29
Arma_8 = 23
Arma_9 = 32
Bala_0 = 300
Bala_1 = 138
Bala_2 = 375
Bala_3 = 35
Bala_4 = 50
Bala_5 = 250
Bala_6 = 20
Bala_7 = 128
Bala_8 = 60
Bala_9 = 314
Arm0 = 102
ArmD0 = 0
ObjData_0 = 1840|30.053|1323.864|1086.483|0.000|-39.100|-91.100
Arm1 = 102
ArmD1 = 0
Arm2 = 0
ArmD2 = 0
Arm3 = 0
ArmD3 = 0
Arm4 = 0
ArmD4 = 0
Arm5 = 0
ArmD5 = 0
Arm6 = 0
ArmD6 = 0
ObjData_1 = 2779|18.797|1330.967|1083.389|0.000|0.000|88.199
Transferida = 
ObjData_2 = 1502|33.056|1323.866|1083.359|0.000|0.000|-179.800
ObjData_3 = 1765|31.020|1329.840|1083.379|0.000|0.000|-1.000
ObjData_4 = 2115|31.035|1328.343|1083.369|0.000|0.000|-1.099
ObjData_5 = 2964|21.971|1329.305|1083.329|0.000|0.000|0.000
ObjData_6 = 1724|32.114|1326.595|1083.369|0.000|0.000|-177.600
ObjData_7 = 2299|26.194|1328.948|1087.889|0.000|0.000|87.099
ObjData_8 = 1727|30.131|1326.436|1083.359|0.000|0.000|142.099
ObjData_9 = 1727|33.818|1327.394|1083.359|0.000|0.000|-136.099
ObjData_10 = 1823|28.644|1323.969|1083.369|0.000|0.000|0.000
ObjData_11 = 1502|28.876|1326.039|1087.819|0.000|0.000|0.000
ObjData_12 = 1502|26.351|1328.390|1083.379|0.000|0.000|89.599
ObjData_13 = 1649|30.238|1329.374|1089.940|22.900|0.099|-89.200
ObjData_14 = 2630|29.380|1321.369|1088.019|0.000|0.000|0.000
ObjData_15 = 16779|27.129|1328.679|1091.980|0.000|0.000|0.000
ObjData_16 = 2103|29.084|1324.234|1083.849|0.000|0.000|161.499
ObjData_17 = 2165|27.219|1331.659|1087.899|0.000|0.000|0.000
ObjData_18 = 1502|26.306|1331.500|1083.385|0.000|0.000|-90.899
ObjData_19 = 1840|27.882|1324.286|1083.451|0.000|-1.599|-115.699
ObjData_20 = 16779|31.363|1328.919|1087.481|0.000|0.000|0.000
ObjData_21 = 2137|33.597|1332.787|1083.399|0.000|0.000|0.000
ObjData_22 = 2132|30.614|1332.952|1083.319|0.000|0.000|0.000
ObjData_23 = 2526|36.257|1321.413|1088.009|0.000|0.000|87.600
ObjData_24 = 2130|34.657|1332.555|1083.379|0.000|0.000|-36.700
ObjData_25 = 2129|32.600|1332.910|1083.369|0.000|0.000|0.000
ObjData_26 = 1649|28.403|1320.592|1089.440|0.000|0.000|-86.699
ObjData_27 = 1828|24.706|1321.921|1083.359|0.000|0.000|-92.300
ObjData_28 = 2025|23.088|1327.037|1087.909|0.000|0.000|89.700
ObjData_29 = 2167|27.302|1326.220|1087.838|0.000|-1.399|178.499
