[data]
Nombre = Residencia Smith
Dueño = Cleon_Smith
Contraseña = 34078933
Dinero = 0
Precio = 80000
VirtualWorld = 310
Interior = 15
Comprada = true
Cerrada = true
Entrada_x = 2284.643554
Entrada_y = -1906.601440
Entrada_z = 14.929677
Salida_x = 326.308105
Salida_y = 1456.211425
Salida_z = 1084.595947
Familia = 0
Contraseña_puerta = 6324
ObjData_0 = 19387|329.231|1461.687|1085.211|0.000|0.000|0.000
ObjData_1 = 19357|330.899|1463.832|1085.191|0.000|0.000|-89.699
ObjData_2 = 2149|318.211|1458.856|1084.651|-0.099|-2.499|83.200
ObjData_3 = 19430|329.229|1463.382|1085.181|0.000|0.000|0.099
ObjData_4 = 19357|333.283|1461.303|1085.171|0.000|0.000|0.000
ObjData_5 = 19430|332.420|1463.832|1085.201|0.000|0.000|88.299
ObjData_6 = 19430|333.309|1463.127|1085.191|0.000|0.000|0.000
ObjData_7 = 19430|330.087|1459.758|1085.161|0.000|0.000|-89.399
ObjData_8 = 2165|325.040|1466.700|1083.478|0.000|0.300|-88.400
ObjData_9 = 2525|332.632|1463.251|1083.440|0.000|0.000|0.000
ObjData_10 = 2524|330.716|1463.263|1083.450|0.000|0.000|0.000
ObjData_11 = 1208|329.564|1463.083|1083.460|0.000|0.000|-88.999
ObjData_12 = 2134|331.229|1463.244|1083.240|0.000|0.000|0.000
ObjData_13 = 2141|321.577|1455.978|1083.432|0.000|0.000|-179.899
ObjData_14 = 2132|320.565|1456.012|1083.442|0.000|0.000|179.000
ObjData_15 = 2134|318.123|1459.001|1083.420|0.000|0.000|89.899
ObjData_16 = 2131|317.531|1456.995|1083.432|0.000|-0.200|88.699
ObjData_17 = 2133|318.077|1456.051|1083.438|0.000|0.000|143.300
ObjData_18 = 2298|329.737|1466.135|1083.438|0.000|-0.200|89.899
ObjData_19 = 1744|323.900|1455.383|1085.004|0.000|0.000|179.400
ObjData_20 = 19387|332.257|1459.765|1085.171|0.000|0.000|-90.200
ObjData_21 = 1808|318.848|1455.760|1083.430|0.000|0.000|178.999
ObjData_22 = 2103|323.432|1455.668|1085.341|0.000|0.000|-179.500
ObjData_23 = 1828|331.164|1467.388|1083.436|0.000|0.000|45.299
ObjData_24 = 1828|331.266|1461.993|1083.420|0.000|0.000|0.000
ObjData_25 = 1502|329.235|1462.482|1083.438|0.000|0.000|-91.000
ObjData_26 = 1502|327.101|1464.814|1083.438|0.000|0.000|0.000
ObjData_27 = 2527|330.780|1460.301|1083.420|0.000|0.000|90.199
ObjData_28 = 1502|331.512|1459.721|1083.437|0.000|0.000|0.000
ObjData_29 = 19172|325.833|1467.283|1085.530|0.000|0.000|89.999
ObjData_30 = 19173|317.690|1464.409|1085.178|0.000|0.000|89.899
ObjData_31 = 1738|330.793|1469.761|1084.079|0.000|0.000|0.000
ObjData_32 = 1723|319.720|1467.806|1083.385|0.000|0.000|0.000
ObjData_33 = 2313|332.502|1467.971|1083.458|0.000|0.000|-86.499
ObjData_34 = 2312|332.396|1467.310|1084.339|0.000|0.000|-87.600
ObjData_35 = 1742|330.917|1464.761|1083.429|0.000|0.000|179.800
ObjData_36 = 1738|325.560|1461.663|1083.956|6.600|-0.100|87.200
Arma_0 = 29
Arma_1 = 25
Arma_2 = 23
Arma_3 = 17
Arma_4 = 27
Arma_5 = 29
Arma_6 = 23
Arma_7 = 31
Arma_8 = 23
Arma_9 = 3
Bala_0 = 150
Bala_1 = 50
Bala_2 = 110
Bala_3 = 10
Bala_4 = 35
Bala_5 = 150
Bala_6 = 109
Bala_7 = 120
Bala_8 = 110
Bala_9 = 1
ObjData_37 = 2069|323.570|1467.940|1083.650|0.000|0.000|0.000
ObjData_38 = 19317|317.751|1463.325|1084.174|-0.700|-5.800|82.499
ObjData_39 = 2112|322.425|1464.368|1083.858|0.000|0.000|0.000
ObjData_40 = 2120|322.771|1462.972|1084.107|-3.299|1.899|-84.099
ObjData_41 = 2120|322.664|1465.712|1084.071|2.700|-1.299|86.899
ObjData_42 = 2086|318.071|1460.884|1083.875|0.000|0.000|0.000
ObjData_43 = 2356|323.926|1466.124|1083.448|0.000|1.299|-95.400
ObjData_44 = 1409|324.172|1455.905|1083.170|1.500|2.099|-176.199
ObjData_45 = 19166|319.818|1460.388|1085.471|-92.800|-2.599|-2.500
ObjData_46 = 16779|322.439|1462.906|1086.974|0.000|0.000|0.000
ObjData_47 = 16779|328.773|1468.031|1086.921|0.000|0.000|0.000
ObjData_48 = 1717|320.653|1461.303|1083.494|-2.099|-1.500|134.100
ObjData_49 = 2627|334.875|1457.245|1083.428|0.000|0.000|0.000
ObjData_50 = 2028|319.907|1461.324|1083.561|2.600|0.000|-177.699
ObjData_51 = 1726|318.099|1465.124|1083.324|1.199|-1.900|87.000
Arm0 = 0
ArmD0 = 0
Arm1 = 0
ArmD1 = 0
Arm2 = 0
ArmD2 = 0
Transferida = 
