[data]
Nombre = Nuevo Hogar
Dueño = Arlet_Indivar
Contraseña = 183042556
Dinero = 0
Precio = 80000
VirtualWorld = 312
Interior = 15
Comprada = true
Cerrada = true
Entrada_x = 2333.248779
Entrada_y = -1883.558715
Entrada_z = 15.000000
Salida_x = 326.308105
Salida_y = 1456.211425
Salida_z = 1084.595947
Familia = 0
Contraseña_puerta = 6589
ObjData_0 = 2115|325.229|1460.970|1083.515|0.000|0.000|0.000
ObjData_1 = 2779|323.434|1456.456|1083.441|0.000|-1.299|176.699
ObjData_2 = 1705|330.590|1469.439|1083.316|-0.699|1.300|-1.900
ObjData_3 = 2316|330.134|1467.246|1084.348|0.000|0.000|93.099
ObjData_4 = 2313|329.976|1466.436|1083.503|3.899|0.300|94.599
ObjData_5 = 1828|327.111|1457.675|1083.429|0.000|0.000|0.000
ObjData_6 = 2069|321.167|1461.522|1083.476|0.000|0.000|0.000
ObjData_7 = 19172|317.767|1463.279|1085.576|0.000|0.000|92.200
ObjData_8 = 1208|332.668|1463.443|1083.465|1.199|4.400|173.499
ObjData_9 = 1723|332.416|1468.034|1083.377|0.000|0.000|-91.499
ObjData_10 = 2030|322.687|1459.623|1083.980|0.000|0.000|0.000
ObjData_11 = 2964|320.358|1457.440|1083.425|-0.399|0.000|-179.600
ObjData_12 = 2103|322.707|1458.923|1084.590|0.000|0.000|0.000
ObjData_13 = 1761|323.120|1467.801|1083.426|0.000|0.000|0.000
ObjData_14 = 2161|326.002|1467.655|1083.459|0.000|0.000|93.699
ObjData_15 = 2527|329.843|1462.387|1083.450|0.000|0.000|0.000
ObjData_16 = 2524|331.018|1460.441|1083.520|0.000|0.000|178.100
ObjData_17 = 2525|332.813|1460.922|1083.445|-0.200|-1.200|-87.399
Arma_0 = 32
Arma_1 = 0
Arma_2 = 0
Arma_3 = 0
Arma_4 = 0
Arma_5 = 0
Arma_6 = 0
Arma_7 = 0
Arma_8 = 0
Arma_9 = 0
Bala_0 = 56
Bala_1 = 0
Bala_2 = 0
Bala_3 = 0
Bala_4 = 0
Bala_5 = 0
Bala_6 = 0
Bala_7 = 0
Bala_8 = 0
Bala_9 = 0
ObjData_18 = 2294|334.572|1456.973|1083.429|0.000|0.000|-90.899
ObjData_19 = 2129|334.611|1455.966|1083.179|0.000|0.000|-90.100
ObjData_20 = 2120|331.845|1455.307|1084.008|0.000|0.000|-88.999
ObjData_21 = 2133|334.720|1458.045|1082.948|0.000|0.000|-89.799
ObjData_22 = 2130|334.636|1455.143|1083.233|0.000|-4.600|-178.799
ObjData_23 = 2115|331.450|1456.900|1083.320|0.499|0.000|-2.900
ObjData_24 = 1808|334.603|1459.055|1083.468|0.000|0.000|-90.900
ObjData_25 = 1502|325.732|1464.026|1083.459|0.000|0.000|-87.000
ObjData_26 = 1502|324.538|1458.286|1083.439|0.000|0.000|-84.500
ObjData_27 = 1502|329.265|1456.854|1083.440|0.000|0.000|91.599
ObjData_28 = 1502|327.078|1464.933|1083.440|0.000|0.000|0.000
ObjData_29 = 1502|329.164|1462.417|1083.419|0.000|0.000|-88.000
ObjData_30 = 2299|321.264|1463.641|1083.413|0.000|0.000|89.900
ObjData_31 = 2149|334.415|1455.548|1084.478|0.000|0.000|-93.500
ObjData_32 = 1839|324.129|1459.831|1084.549|0.000|0.499|93.199
ObjData_33 = 1840|325.486|1460.558|1085.181|0.000|0.000|-18.900
ObjData_34 = 19354|323.185|1460.259|1084.841|-0.000|-1.099|-87.800
ObjData_35 = 2120|332.301|1458.601|1084.048|0.000|0.000|92.200
ObjData_36 = 2165|323.396|1460.888|1083.557|2.199|-0.499|-178.300
ObjData_37 = 19384|329.102|1461.494|1085.120|0.000|0.000|0.000
ObjData_38 = 19384|329.220|1457.617|1085.100|0.000|0.000|0.000
ObjData_39 = 19354|329.094|1463.937|1085.080|0.000|0.000|0.000
ObjData_40 = 19354|317.656|1457.891|1084.970|0.000|0.000|0.000
ObjData_41 = 19446|319.915|1455.657|1084.781|0.000|0.000|-84.099
ObjData_42 = 2202|0.000|0.000|0.000|0.000|0.000|0.000
ObjData_43 = 19384|327.894|1464.743|1085.210|0.000|0.000|93.600
ObjData_44 = 19384|319.268|1459.454|1085.010|0.000|0.000|-85.299
ObjData_45 = 19427|321.303|1459.515|1084.451|0.000|0.000|-85.899
ObjData_46 = 19427|329.170|1459.781|1085.040|0.000|0.000|0.000
ObjData_47 = 0|0.000|0.000|0.000|0.000|0.000|0.000
ObjData_48 = 19354|317.741|1457.026|1084.932|0.000|0.000|0.000
ObjData_49 = 19354|319.870|1459.435|1084.432|0.999|0.000|-87.999
Arm0 = 0
ArmD0 = 0
Arm1 = 0
ArmD1 = 0
Arm2 = 0
ArmD2 = 0
Arm3 = 0
ArmD3 = 0
Arm4 = 0
ArmD4 = 0
Arm5 = 0
ArmD5 = 0
Arm6 = 0
ArmD6 = 0
Arm7 = 0
ArmD7 = 0
Arm8 = 0
ArmD8 = 0
Arm9 = 0
ArmD9 = 0
Arm10 = 0
ArmD10 = 0
Arm11 = 0
ArmD11 = 0
Transferida = Arlet_Indivar
