[data]
Nombre = Sykes
Dueño = Johanan_Munoz
Contraseña = 21037216
Dinero = 5
Precio = 37000
VirtualWorld = 314
Interior = 3
Comprada = true
Cerrada = true
Entrada_x = 2095.361328
Entrada_y = -1145.275756
Entrada_z = 26.592920
Salida_x = 2496.000000
Salida_y = -1692.079956
Salida_z = 1014.739990
Familia = 0
Contraseña_puerta = 967
ObjData_0 = 2313|2490.940|-1703.497|1017.533|0.000|0.000|91.699
ObjData_1 = 2779|2496.138|-1705.207|1017.423|0.000|0.000|-90.499
ObjData_2 = 2165|2492.243|-1700.411|1017.323|0.000|0.000|0.000
ObjData_3 = 2356|2493.121|-1701.611|1017.403|0.000|0.000|38.398
ObjData_4 = 2312|2490.737|-1702.881|1018.342|-1.700|0.000|90.300
ObjData_5 = 1723|2493.826|-1704.467|1013.742|-1.299|0.699|-178.600
ObjData_6 = 1723|2491.620|-1699.947|1013.819|0.099|1.100|2.800
ObjData_7 = 2030|2492.774|-1702.200|1014.201|0.000|0.000|0.000
ObjData_8 = 16779|2493.501|-1702.798|1021.103|0.000|0.000|0.000
ObjData_9 = 16779|2494.979|-1698.679|1017.264|0.000|0.000|0.000
ObjData_10 = 2313|2492.019|-1694.148|1013.731|0.000|0.000|0.000
ObjData_11 = 2312|2492.701|-1694.016|1014.639|0.000|0.000|0.000
ObjData_12 = 1702|2493.729|-1696.187|1013.710|0.000|0.000|-178.700
ObjData_13 = 1502|2491.632|-1705.939|1017.343|0.000|0.000|0.000
ObjData_14 = 1502|0.000|0.000|0.000|0.000|0.000|0.000
ObjData_15 = 1649|2498.410|-1704.982|1014.630|-0.300|0.400|179.899
ObjData_16 = 1649|2498.441|-1704.977|1014.742|0.000|0.000|0.000
ObjData_17 = 1502|2494.774|-1705.109|1013.781|0.000|0.000|0.000
ObjData_18 = 2161|2498.395|-1694.420|1013.907|-0.599|0.400|-91.399
ObjData_19 = 2149|2500.487|-1710.647|1015.091|0.000|0.000|-91.000
ObjData_20 = 2103|2498.177|-1694.717|1015.250|-2.599|-0.700|-94.700
ObjData_21 = 1409|2498.019|-1705.644|1013.421|0.000|0.000|0.000
ObjData_22 = 19317|2499.365|-1708.611|1019.263|0.000|0.000|179.200
ObjData_23 = 19173|2498.312|-1697.724|1015.812|0.000|0.000|-87.500
ObjData_24 = 1808|2496.490|-1712.273|1013.742|0.000|0.000|177.500
ObjData_25 = 2141|2497.238|-1711.990|1013.551|0.000|0.000|178.000
Arm0 = 0
ArmD0 = 0
Arm1 = 0
ArmD1 = 0
Arm2 = 0
ArmD2 = 0
Arm3 = 0
ArmD3 = 0
Arm4 = 0
ArmD4 = 0
Arm5 = 0
ArmD5 = 0
Arm6 = 0
ArmD6 = 0
Arm7 = 0
ArmD7 = 0
Arm8 = 0
ArmD8 = 0
Arm9 = 0
ArmD9 = 0
Arm10 = 0
ArmD10 = 0
Arm11 = 0
ArmD11 = 0
Transferida = 
