[data]
Nombre = Malandrito
Dueño = Pedro_Elias
Contraseña = 0
Dinero = 0
Precio = 120000
VirtualWorld = 319
Interior = 1
Comprada = true
Cerrada = true
Entrada_x = 2178.670654
Entrada_y = -1599.911499
Entrada_z = 14.345392
Salida_x = 2218.402099
Salida_y = -1076.266723
Salida_z = 1050.484375
Familia = 0
Contraseña_puerta = 1209
ObjData_0 = 2301|0.000|0.000|0.000|0.000|0.000|89.300
ObjData_1 = 2313|2211.959|-1071.795|1049.566|0.000|0.000|-87.099
ObjData_2 = 2316|0.000|0.000|0.000|27.798|0.000|-114.199
ObjData_3 = 16779|2204.171|-1074.266|1053.587|0.000|0.000|0.000
ObjData_4 = 1724|2209.126|-1075.074|1049.453|0.000|0.000|90.200
ObjData_5 = 19356|0.000|0.000|0.000|0.500|89.899|1.299
ObjData_6 = 1502|0.000|0.000|0.000|0.000|0.000|90.399
ObjData_7 = 2525|0.000|0.000|0.000|0.000|0.000|3.400
ObjData_8 = 2316|2205.635|-1074.389|1052.666|23.299|0.000|-92.299
ObjData_9 = 2524|0.000|0.000|0.000|0.000|0.000|0.000
ObjData_10 = 19354|0.000|0.000|0.000|0.000|0.000|90.299
ObjData_11 = 1502|0.000|0.000|0.000|0.000|0.000|94.000
ObjData_12 = 1502|0.000|0.000|0.000|1.399|-1.598|90.500
ObjData_13 = 2526|0.000|0.000|0.000|0.000|0.000|-90.300
ObjData_14 = 1817|0.000|0.000|0.000|0.000|0.000|-89.699
ObjData_15 = 19356|0.000|0.000|0.000|0.000|89.400|-0.598
ObjData_16 = 19356|0.000|0.000|0.000|0.000|-91.499|0.000
ObjData_17 = 19356|0.000|0.000|0.000|0.000|89.500|0.000
ObjData_18 = 19172|0.000|0.000|0.000|0.000|0.000|92.198
ObjData_19 = 2135|2209.391|-1077.970|1049.513|0.000|0.000|-178.299
ObjData_20 = 2136|2208.343|-1077.966|1049.480|0.000|0.000|-179.899
ObjData_21 = 2140|2206.356|-1077.962|1049.389|0.000|-0.898|179.600
ObjData_22 = 2161|0.000|0.000|0.000|0.000|0.000|88.400
ObjData_23 = 2112|0.000|0.000|0.000|0.000|0.000|0.000
ObjData_24 = 2103|0.000|0.000|0.000|0.000|0.000|85.600
Arm0 = 9
ArmD0 = 0
ObjData_25 = 1723|2209.118|-1072.848|1049.483|0.000|0.000|90.900
ObjData_26 = 2312|2212.143|-1072.518|1051.495|12.499|0.000|-95.700
ObjData_27 = 1840|0.000|0.000|0.000|179.299|-1.199|3.999
ObjData_28 = 1840|0.000|0.000|0.000|178.299|0.000|3.900
ObjData_29 = 19384|0.000|0.000|0.000|0.000|0.000|0.000
ObjData_30 = 19427|0.000|0.000|0.000|0.899|45.099|91.299
ObjData_31 = 19354|0.000|0.000|0.000|0.000|0.999|-179.598
ObjData_32 = 19384|0.000|0.000|0.000|0.000|0.000|0.000
ObjData_33 = 19354|0.000|0.000|0.000|0.000|0.000|0.000
ObjData_34 = 19354|0.000|0.000|0.000|0.000|0.000|-91.098
ObjData_35 = 19354|0.000|0.000|0.000|0.000|4.098|0.000
Arm1 = 3
ArmD1 = 0
Arm2 = 9
ArmD2 = 1
Arm3 = 79
ArmD3 = 0
Arm4 = 102
ArmD4 = 0
ObjData_36 = 19354|0.000|0.000|0.000|0.000|0.000|0.000
ObjData_37 = 19384|0.000|0.000|0.000|0.000|0.000|0.000
ObjData_38 = 19384|0.000|0.000|0.000|0.000|0.000|0.000
ObjData_39 = 0|0.000|0.000|0.000|0.000|0.000|0.000
ObjData_40 = 19427|0.000|0.000|0.000|-91.000|5.699|5.900
ObjData_41 = 19427|0.000|0.000|0.000|-87.598|0.899|0.000
ObjData_42 = 19427|0.000|0.000|0.000|89.299|-2.299|-176.598
ObjData_43 = 1409|0.000|0.000|0.000|0.000|0.000|90.598
ObjData_44 = 19354|0.000|0.000|0.000|0.000|0.000|0.000
ObjData_45 = 2298|2206.317|-1075.740|1049.433|0.000|0.000|89.899
Arm5 = 3
ArmD5 = 0
Arm6 = 0
ArmD6 = 0
Arm7 = 5
ArmD7 = 0
Arm8 = 18
ArmD8 = 0
Arm9 = 102
ArmD9 = 0
Arm10 = 102
ArmD10 = 0
Arm11 = 0
ArmD11 = 0
Transferida = 
