[data]
Nombre = *-Joa's Mansion-*
Dueño = Austin_Joa
Contraseña = 33685707
Dinero = 0
Precio = 1
VirtualWorld = 322
Interior = 5
Comprada = true
Cerrada = true
Entrada_x = 1797.630004
Entrada_y = -1579.055175
Entrada_z = 14.087368
Salida_x = 1299.058593
Salida_y = -796.149597
Salida_z = 1084.007812
Familia = 0
Contraseña_puerta = 4321
Arm0 = 101
ArmD0 = 0
Arm1 = 103
ArmD1 = 0
Arm2 = 10
ArmD2 = 0
Arm3 = 5
ArmD3 = 3
Arm4 = 16
ArmD4 = 1
Arm5 = 23
ArmD5 = 0
ObjData_0 = 2298|0.000|0.000|0.000|0.000|0.000|0.000
ObjData_1 = 19400|0.000|0.000|0.000|0.000|0.000|0.000
ObjData_2 = 2524|0.000|0.000|0.000|0.000|0.000|0.000
Arm6 = 25
ArmD6 = 0
Arm7 = 7
ArmD7 = 0
Arm8 = 93
ArmD8 = 0
Arm9 = 2
ArmD9 = 0
ObjData_3 = 1649|1286.045|-777.290|1083.051|-88.999|0.000|-0.298
ObjData_4 = 1649|1286.031|-774.069|1083.040|-90.600|0.000|0.299
ObjData_5 = 1649|1286.052|-770.823|1083.005|-88.600|0.000|-179.800
ObjData_6 = 1649|1281.713|-774.125|1083.040|-89.100|0.000|-179.100
ObjData_7 = 1649|1281.738|-777.280|1083.064|-89.099|0.000|0.000
ObjData_8 = 1649|1277.354|-774.195|1083.081|-89.700|0.000|-179.000
ObjData_9 = 1649|1281.691|-770.915|1083.008|-90.000|0.000|0.000
ObjData_10 = 1649|1277.318|-770.923|1083.035|-91.299|0.000|1.499
ObjData_11 = 1649|1277.415|-777.321|1083.069|-88.500|0.000|0.000
ObjData_12 = 1649|1273.219|-771.087|1083.041|-90.300|-0.199|-0.699
ObjData_13 = 1649|1273.220|-774.154|1083.039|-90.399|-1.099|1.300
ObjData_14 = 1649|1273.361|-777.275|1083.038|-89.999|0.000|-0.299
ObjData_15 = 1649|1247.583|-779.639|1084.015|0.199|0.000|90.300
ObjData_16 = 1649|1301.689|-783.468|1084.667|0.000|0.000|0.000
ObjData_17 = 1649|0.000|0.000|0.000|0.000|0.000|0.000
ObjData_18 = 16779|0.000|0.000|0.000|0.000|0.000|0.000
ObjData_19 = 16779|0.000|0.000|0.000|0.000|0.000|0.000
Arm10 = 18
ArmD10 = 1
Arm11 = 54
ArmD11 = 7
Transferida = Austin_Joa
