[data]
Nombre = Casa de verano
Dueño = Lorraine_Baines
Contraseña = 43450699
Dinero = 0
Precio = 300000
VirtualWorld = 324
Interior = 10
Comprada = true
Cerrada = true
Entrada_x = 168.242233
Entrada_y = -1768.977661
Entrada_z = 4.478299
Salida_x = 23.908735
Salida_y = 1320.530151
Salida_z = 1084.375000
Familia = 0
Contraseña_puerta = 6021
Arm0 = 0
ArmD0 = 0
Arm1 = 0
ArmD1 = 0
Arm2 = 0
ArmD2 = 0
Arm3 = 0
ArmD3 = 0
Arm4 = 0
ArmD4 = 0
Arm5 = 0
ArmD5 = 0
Arm6 = 0
ArmD6 = 0
Arm7 = 0
ArmD7 = 0
Arm8 = 0
ArmD8 = 0
Arm9 = 0
ArmD9 = 0
Arm10 = 0
ArmD10 = 0
ObjData_0 = 2149|19.529|1331.985|1084.560|0.000|0.000|0.000
ObjData_1 = 2132|21.642|1331.705|1083.359|0.000|0.000|0.000
ObjData_2 = 2141|18.742|1331.710|1083.305|0.000|0.000|0.000
ObjData_3 = 2134|19.651|1331.714|1083.359|0.000|0.000|0.000
ObjData_4 = 2133|25.772|1326.758|1082.338|0.000|0.000|-90.099
ObjData_5 = 2133|23.630|1331.683|1083.359|0.000|0.000|0.000
ObjData_6 = 2131|24.634|1331.759|1083.279|0.000|0.000|0.000
ObjData_7 = 1998|21.089|1329.876|1088.200|0.000|0.000|0.000
ObjData_8 = 1808|25.969|1326.435|1083.359|0.000|0.000|-179.099
ObjData_9 = 2030|22.722|1327.300|1083.779|0.000|0.000|0.000
ObjData_10 = 2135|20.633|1331.702|1083.369|0.000|0.000|-0.300
ObjData_11 = 2123|23.446|1328.153|1083.989|0.000|0.000|45.099
ObjData_12 = 2123|21.823|1328.069|1083.979|0.000|0.000|143.700
ObjData_13 = 1723|26.941|1325.365|1083.349|0.000|0.000|89.900
ObjData_14 = 1723|29.867|1324.458|1083.349|0.000|0.000|179.899
ObjData_15 = 1724|30.419|1327.616|1083.299|0.000|0.000|-62.099
ObjData_16 = 1724|28.601|1328.450|1083.339|0.000|0.000|-9.400
ObjData_17 = 2251|26.912|1324.562|1084.380|0.000|0.000|0.000
ObjData_18 = 2256|36.287|1330.723|1085.719|0.000|0.000|-89.799
ObjData_19 = 2261|27.263|1331.456|1085.059|0.000|0.000|0.000
ObjData_20 = 2275|0.000|0.000|0.000|0.000|0.000|0.000
ObjData_21 = 2074|29.252|1326.736|1087.150|0.000|0.000|0.000
ObjData_22 = 2074|29.049|1326.903|1087.130|0.000|0.000|0.000
ObjData_23 = 2074|29.085|1326.768|1087.227|0.000|0.000|0.000
ObjData_24 = 2074|29.330|1326.947|1087.336|0.000|0.000|0.000
ObjData_25 = 2316|0.000|0.000|0.000|0.000|0.000|0.000
ObjData_26 = 1742|35.091|1323.833|1083.359|0.000|0.000|-178.700
ObjData_27 = 1822|28.239|1325.748|1083.369|0.000|0.000|0.000
ObjData_28 = 1840|0.000|0.000|0.000|0.000|0.000|0.000
ObjData_29 = 1840|0.000|0.000|0.000|0.000|0.000|0.000
ObjData_30 = 1840|0.000|0.000|0.000|0.000|0.000|0.000
ObjData_31 = 1840|0.000|0.000|0.000|0.000|0.000|0.000
ObjData_32 = 2595|0.000|0.000|0.000|0.000|0.000|154.200
ObjData_33 = 2010|0.000|0.000|0.000|0.000|0.000|0.000
ObjData_34 = 19173|0.000|0.000|0.000|0.000|0.000|0.000
ObjData_35 = 2964|0.000|0.000|0.000|0.000|0.000|0.000
ObjData_36 = 1839|0.000|0.000|0.000|0.000|0.000|0.000
ObjData_37 = 1806|0.000|0.000|0.000|0.000|0.000|0.000
ObjData_38 = 2226|0.000|0.000|0.000|0.000|0.000|0.000
ObjData_39 = 1960|0.000|0.000|0.000|0.000|0.000|0.000
ObjData_40 = 1962|0.000|0.000|0.000|0.000|0.000|0.000
ObjData_41 = 2025|0.000|0.000|0.000|0.000|0.000|0.000
ObjData_42 = 2240|0.000|0.000|0.000|0.000|0.000|0.000
ObjData_43 = 2264|0.000|0.000|0.000|0.000|0.000|0.000
ObjData_44 = 2298|0.000|0.000|0.000|0.000|0.000|0.000
ObjData_45 = 19317|0.000|0.000|0.000|0.000|0.000|0.000
ObjData_46 = 2105|0.000|0.000|0.000|0.000|0.000|0.000
ObjData_47 = 2525|0.000|0.000|0.000|0.000|0.000|0.000
ObjData_48 = 2524|0.000|0.000|0.000|0.000|0.000|0.000
ObjData_49 = 2527|0.000|0.000|0.000|0.000|0.000|0.000
Transferida = Lorraine_Baines
ObjData_50 = 2516|0.000|0.000|0.000|0.000|0.000|0.000
ObjData_51 = 2526|0.000|0.000|0.000|0.000|0.000|0.000
ObjData_52 = 2566|0.000|0.000|0.000|0.000|0.000|0.000
Arm11 = 0
ArmD11 = 0
