[data]
Nombre = Villa Borderline
Dueño = Antonio_Alonso
Contraseña = 35455192
Dinero = 0
Precio = 145000
VirtualWorld = 327
Interior = 15
Comprada = true
Cerrada = true
Entrada_x = 768.228698
Entrada_y = -503.856384
Entrada_z = 18.012926
Salida_x = 326.308105
Salida_y = 1456.211425
Salida_z = 1084.595947
Familia = 0
Contraseña_puerta = 7185
ObjData_0 = 0|0.000|0.000|0.000|0.000|0.000|0.000
ObjData_1 = 0|0.000|0.000|0.000|0.000|0.000|0.000
ObjData_2 = 0|0.000|0.000|0.000|0.000|0.000|0.000
ObjData_3 = 2525|332.314|1463.286|1083.435|0.000|0.000|-1.898
ObjData_4 = 2527|330.275|1461.260|1083.470|0.000|0.000|-178.199
ObjData_5 = 2524|330.403|1463.250|1083.420|0.000|0.000|0.000
ObjData_6 = 2298|328.936|1468.711|1083.426|0.000|0.000|-90.300
ObjData_7 = 19317|328.062|1469.899|1085.435|-3.698|-71.700|0.000
ObjData_8 = 1828|328.626|1467.080|1083.426|0.000|0.000|-95.399
ObjData_9 = 2135|322.293|1456.019|1083.540|0.000|0.000|179.399
ObjData_10 = 2316|326.404|1467.438|1084.317|0.000|0.000|91.601
ObjData_11 = 2086|320.658|1464.351|1083.829|0.000|0.000|0.000
ObjData_12 = 1723|318.252|1464.746|1083.367|0.000|0.000|90.800
ObjData_13 = 1724|320.227|1462.347|1083.405|0.000|0.000|177.199
ObjData_14 = 2313|326.343|1466.964|1083.489|0.000|0.000|90.000
ObjData_15 = 2069|332.402|1469.572|1083.489|0.000|0.000|0.000
ObjData_16 = 2103|326.025|1467.582|1085.487|0.000|0.000|88.799
ObjData_17 = 16779|321.692|1464.557|1086.601|0.000|0.000|0.000
ObjData_18 = 2136|318.108|1457.440|1083.430|0.000|0.000|90.400
ObjData_19 = 2137|321.301|1456.066|1083.582|0.000|0.000|179.799
ObjData_20 = 2139|320.278|1456.026|1083.551|0.000|0.000|-179.500
ObjData_21 = 2140|323.291|1456.018|1083.520|0.000|0.000|177.499
ObjData_22 = 2028|326.306|1468.351|1084.078|0.000|0.000|90.100
ObjData_23 = 19166|317.707|1464.593|1085.061|-88.699|0.000|-90.200
ObjData_24 = 19173|332.851|1467.440|1085.590|0.000|0.000|89.999
ObjData_25 = 1723|318.218|1461.895|1084.656|0.000|0.000|89.300
ObjData_26 = 2149|320.246|1455.921|1084.773|0.000|0.000|166.999
ObjData_27 = 1409|318.622|1455.954|1083.567|0.000|0.000|0.000
ObjData_28 = 1723|319.812|1467.597|1083.467|0.000|0.000|-1.299
ObjData_29 = 2165|334.770|1457.327|1083.517|0.000|0.000|-90.600
ObjData_30 = 2356|333.729|1456.739|1083.418|0.000|0.000|-95.299
ObjData_31 = 2161|335.277|1458.803|1084.548|0.000|0.000|-90.100
ObjData_32 = 2202|332.857|1455.079|1083.427|0.000|0.000|177.200
ObjData_33 = 1208|329.655|1463.448|1083.409|0.000|0.000|178.899
ObjData_34 = 19173|335.243|1456.870|1085.388|0.000|0.000|91.899
ObjData_35 = 1738|327.587|1469.784|1083.989|0.000|0.000|0.000
ObjData_36 = 2779|324.233|1467.850|1083.406|0.000|0.000|0.000
Arm0 = 0
ArmD0 = 0
Arm1 = 0
ArmD1 = 0
Arm2 = 0
ArmD2 = 0
Arm3 = 0
ArmD3 = 0
Arm4 = 0
ArmD4 = 0
Arm5 = 0
ArmD5 = 0
Arm6 = 0
ArmD6 = 0
Arm7 = 0
ArmD7 = 0
Arm8 = 0
ArmD8 = 0
Arm9 = 0
ArmD9 = 0
Arm10 = 0
ArmD10 = 0
Arm11 = 0
ArmD11 = 0
Transferida = Antonio_Alonso
ObjData_37 = 1502|324.763|1456.749|1083.449|0.000|0.000|90.299
ObjData_38 = 1502|329.243|1456.858|1083.424|0.000|0.000|88.900
ObjData_39 = 2255|330.777|1465.456|1085.126|0.000|0.000|-178.700
ObjData_40 = 1744|325.695|1467.134|1085.149|0.000|0.000|88.900
