[data]
Nombre = Home Sweet Home
Dueño = Lucas_Hernandez
Contraseña = 36962527
Dinero = 0
Precio = 125000
VirtualWorld = 337
Interior = 9
Comprada = true
Cerrada = true
Entrada_x = 745.134399
Entrada_y = -556.509460
Entrada_z = 18.012926
Salida_x = 275.740203
Salida_y = 1237.718383
Salida_z = 1084.257812
Familia = 0
Contraseña_puerta = 9876
ObjData_0 = 2298|270.918|1253.512|1083.188|0.000|0.000|0.000
ObjData_1 = 2526|218.644|1276.012|1081.149|-1.999|0.000|-179.899
ObjData_2 = 2524|217.442|1274.180|1081.208|0.499|0.000|90.698
ObjData_3 = 2525|217.419|1273.550|1081.176|0.000|0.000|87.300
ObjData_4 = 1208|0.000|0.000|0.000|0.000|0.000|-107.500
ObjData_5 = 2141|216.954|1279.447|1081.109|0.000|0.000|90.299
ObjData_6 = 2132|218.785|1277.208|1081.114|0.000|-0.598|179.600
ObjData_7 = 0|220.851|1275.204|1081.223|0.000|1.100|51.700
ObjData_8 = 2165|269.452|1251.930|1083.249|0.000|0.000|92.199
ObjData_9 = 2120|270.131|1252.595|1083.859|0.000|0.000|0.000
ObjData_10 = 2120|226.131|1273.382|1081.777|0.000|0.000|-89.099
ObjData_11 = 2120|225.039|1273.135|1081.817|0.000|0.000|-86.500
ObjData_12 = 2120|224.753|1274.305|1081.777|0.000|0.000|178.799
ObjData_13 = 1502|270.765|1247.039|1083.239|0.000|0.000|90.800
ObjData_14 = 1502|228.251|1275.150|1081.156|0.000|0.000|88.500
ObjData_15 = 2135|219.796|1277.207|1081.106|0.000|0.000|179.600
ObjData_16 = 2313|231.857|1272.358|1081.196|0.000|0.000|-178.800
ObjData_17 = 2322|230.745|1272.282|1082.067|0.000|0.000|-178.699
ObjData_18 = 2103|221.115|1277.277|1082.936|0.000|0.000|-90.000
ObjData_19 = 1840|231.582|1272.361|1081.717|0.000|0.000|-88.399
ObjData_20 = 1840|231.265|1272.314|1081.727|0.000|0.000|-89.300
ObjData_21 = 1839|231.844|1272.237|1081.707|0.000|0.000|-84.500
ObjData_22 = 1717|226.578|1279.911|1081.337|0.000|0.000|-102.299
ObjData_23 = 19172|231.211|1271.816|1083.180|0.000|1.199|-179.900
ObjData_24 = 2134|220.796|1277.187|1081.107|0.000|0.000|179.500
ObjData_25 = 2133|0.000|0.000|0.000|0.000|0.000|89.499
ObjData_26 = 2131|233.949|1275.066|1081.128|0.000|0.000|-90.799
ObjData_27 = 19173|0.000|0.000|0.000|0.000|0.000|0.000
ObjData_28 = 1817|225.531|1278.099|1081.156|0.000|0.000|0.000
ObjData_29 = 1723|280.217|1239.773|1083.239|0.000|0.000|-89.800
ObjData_30 = 1724|223.910|1278.664|1081.117|0.000|0.000|90.799
ObjData_31 = 2115|225.050|1274.292|1081.156|0.000|0.000|0.000
ObjData_32 = 16779|231.314|1274.601|1084.418|0.000|0.000|0.000
ObjData_33 = 16779|0.000|0.000|0.000|0.000|0.000|0.000
ObjData_34 = 1744|0.000|0.000|0.000|0.000|0.000|0.000
ObjData_35 = 1744|221.464|1277.985|1082.598|0.000|0.000|-90.799
ObjData_36 = 1742|221.391|1277.255|1081.167|0.000|0.000|88.899
ObjData_37 = 2149|221.097|1278.139|1083.090|0.000|0.000|-92.100
ObjData_38 = 2167|234.352|1276.090|1081.177|0.000|0.000|-87.599
ObjData_39 = 1808|216.949|1277.053|1081.166|0.000|0.000|-179.599
ObjData_40 = 2356|220.861|1275.240|1081.146|0.000|0.000|65.199
Arm0 = 0
ArmD0 = 0
Arm1 = 0
ArmD1 = 0
Arm2 = 15
ArmD2 = 1
Arm3 = 0
ArmD3 = 0
Arm4 = 0
ArmD4 = 0
Arm5 = 0
ArmD5 = 0
Arm6 = 108
ArmD6 = 8
Arm7 = 0
ArmD7 = 0
Arm8 = 0
ArmD8 = 0
Arm9 = 0
ArmD9 = 0
Arm10 = 0
ArmD10 = 0
Arm11 = 0
ArmD11 = 0
Transferida = Lucas_Hernandez
