[data]
Nombre = Gabby <3
Dueño = Gabby_Lares
Contraseña = 0
Dinero = 0
Precio = 160000
VirtualWorld = 338
Interior = 1
Comprada = true
Cerrada = true
Entrada_x = 2090.817626
Entrada_y = -1235.053466
Entrada_z = 26.019128
Salida_x = 223.414306
Salida_y = 1273.432006
Salida_z = 1082.140014
Familia = 0
Contraseña_puerta = 1234
Arma_0 = 0
Arma_1 = 0
Arma_2 = 0
Arma_3 = 0
Arma_4 = 0
Arma_5 = 0
Arma_6 = 0
Arma_7 = 0
Arma_8 = 0
Arma_9 = 0
Bala_0 = 0
Bala_1 = 0
Bala_2 = 0
Bala_3 = 0
Bala_4 = 0
Bala_5 = 0
Bala_6 = 0
Bala_7 = 0
Bala_8 = 0
Bala_9 = 0
Arm0 = 3
ArmD0 = 15
ObjData_0 = 1502|219.449|1272.986|1081.141|0.900|0.499|89.899
ObjData_1 = 1502|228.085|1276.686|1081.195|-1.300|0.199|-87.898
ObjData_2 = 1502|221.521|1278.459|1081.228|-2.699|0.499|89.999
ObjData_3 = 2132|216.991|1278.530|1081.020|-2.699|-0.699|93.299
ObjData_4 = 2141|217.009|1277.487|1081.061|1.600|0.999|87.299
ObjData_5 = 2525|218.166|1275.940|1081.187|0.000|0.000|0.000
ObjData_6 = 2524|218.241|1275.868|1080.886|0.000|0.000|0.000
ObjData_7 = 1208|217.458|1274.229|1081.181|-0.500|0.499|-92.200
ObjData_8 = 1803|0.000|0.000|0.000|0.000|0.000|0.000
ObjData_9 = 2069|229.980|1277.604|1081.248|0.000|0.000|0.000
ObjData_10 = 1717|230.682|1274.523|1082.137|0.000|0.000|0.000
ObjData_11 = 1753|224.346|1279.446|1081.087|0.000|0.000|0.000
ObjData_12 = 19166|0.000|0.000|0.000|-89.999|-5.397|-3.198
ObjData_13 = 1828|232.258|1273.529|1081.126|0.000|0.000|0.000
ObjData_14 = 2167|229.815|1271.984|1081.124|-0.300|-0.201|-179.098
ObjData_15 = 1753|227.290|1279.504|1081.089|0.000|0.000|-87.699
ObjData_16 = 1753|223.545|1276.559|1081.098|0.000|0.000|88.900
ObjData_17 = 16779|223.989|1275.863|1084.630|0.000|0.000|0.000
ObjData_18 = 0|0.000|0.000|0.000|0.000|0.000|0.000
ObjData_19 = 2120|0.000|0.000|0.000|0.000|0.000|88.399
ObjData_20 = 2298|231.160|1274.016|1081.127|0.000|0.000|0.000
ObjData_21 = 2120|219.921|1275.847|1081.636|0.000|0.000|177.600
Arm1 = 66
ArmD1 = 0
Arm2 = 102
ArmD2 = 0
Arm3 = 0
ArmD3 = 0
ObjData_22 = 1723|227.182|1273.307|1081.098|0.000|0.000|-178.399
ObjData_23 = 1724|0.000|0.000|0.000|0.000|0.000|0.000
ObjData_24 = 2313|232.673|1272.273|1081.166|0.000|0.000|-178.099
ObjData_25 = 1744|227.833|1278.824|1082.910|0.000|0.000|-90.800
ObjData_26 = 1840|227.545|1277.691|1083.207|0.000|0.000|0.000
ObjData_27 = 1840|227.545|1278.880|1083.217|0.000|0.000|0.000
Arm4 = 0
ArmD4 = 0
ObjData_28 = 1808|218.054|1277.061|1081.459|0.000|0.000|179.899
Arm5 = 0
ArmD5 = 0
Arm6 = 0
ArmD6 = 0
Arm7 = 0
ArmD7 = 0
Arm8 = 0
ArmD8 = 0
Arm9 = 0
ArmD9 = 0
Arm10 = 0
ArmD10 = 0
Arm11 = 0
ArmD11 = 0
Transferida = 
