[data]
Nombre = En venta 390727 llamar
Dueño = Ivan_Krauser
Contraseña = 173670978
Dinero = 0
Precio = 70000
VirtualWorld = 339
Interior = 1
Comprada = true
Cerrada = false
Entrada_x = 2133.362548
Entrada_y = -1232.977294
Entrada_z = 24.421875
Salida_x = 223.414306
Salida_y = 1273.432006
Salida_z = 1082.140014
Familia = 0
Contraseña_puerta = 2419
ObjData_0 = 1822|222.641|1275.951|1081.147|-1.799|0.400|42.199
ObjData_1 = 0|0.000|0.000|0.000|0.000|0.000|0.000
ObjData_2 = 1828|221.677|1272.897|1082.472|0.000|87.799|88.500
ObjData_3 = 0|0.000|0.000|0.000|0.000|0.000|0.000
ObjData_4 = 2255|222.254|1279.506|1082.948|0.000|0.000|0.000
ObjData_5 = 2261|226.974|1279.488|1082.808|0.000|0.000|0.000
ObjData_6 = 0|0.000|0.000|0.000|0.000|0.000|0.000
ObjData_7 = 0|0.000|0.000|0.000|0.000|0.000|0.000
ObjData_8 = 1723|225.620|1278.318|1081.074|1.700|-0.100|-88.799
ObjData_9 = 2312|221.450|1277.593|1083.200|6.700|-0.100|98.798
ObjData_10 = 0|0.000|0.000|0.000|0.000|0.000|0.000
Arma_0 = 0
Arma_1 = 0
Arma_2 = 0
Arma_3 = 0
Arma_4 = 0
Arma_5 = 0
Arma_6 = 0
Arma_7 = 0
Arma_8 = 0
Arma_9 = 0
Bala_0 = 0
Bala_1 = 0
Bala_2 = 0
Bala_3 = 0
Bala_4 = 0
Bala_5 = 0
Bala_6 = 0
Bala_7 = 0
Bala_8 = 0
Bala_9 = 0
ObjData_11 = 0|0.000|0.000|0.000|0.000|0.000|0.000
ObjData_12 = 0|0.000|0.000|0.000|0.000|0.000|0.000
ObjData_13 = 0|0.000|0.000|0.000|0.000|0.000|0.000
ObjData_14 = 0|0.000|0.000|0.000|0.000|0.000|0.000
ObjData_15 = 0|0.000|0.000|0.000|0.000|0.000|0.000
ObjData_16 = 0|0.000|0.000|0.000|0.000|0.000|0.000
ObjData_17 = 0|0.000|0.000|0.000|0.000|0.000|0.000
ObjData_18 = 0|0.000|0.000|0.000|0.000|0.000|0.000
ObjData_19 = 0|0.000|0.000|0.000|0.000|0.000|0.000
ObjData_20 = 0|0.000|0.000|0.000|0.000|0.000|0.000
ObjData_21 = 0|0.000|0.000|0.000|0.000|0.000|0.000
ObjData_22 = 0|0.000|0.000|0.000|0.000|0.000|0.000
ObjData_23 = 0|0.000|0.000|0.000|0.000|0.000|0.000
ObjData_24 = 0|0.000|0.000|0.000|0.000|0.000|0.000
ObjData_25 = 0|0.000|0.000|0.000|0.000|0.000|0.000
ObjData_26 = 0|0.000|0.000|0.000|0.000|0.000|0.000
ObjData_27 = 0|0.000|0.000|0.000|0.000|0.000|0.000
ObjData_28 = 0|0.000|0.000|0.000|0.000|0.000|0.000
ObjData_29 = 0|0.000|0.000|0.000|0.000|0.000|0.000
ObjData_30 = 0|0.000|0.000|0.000|0.000|0.000|0.000
ObjData_31 = 0|0.000|0.000|0.000|0.000|0.000|0.000
ObjData_32 = 0|0.000|0.000|0.000|0.000|0.000|0.000
ObjData_33 = 0|0.000|0.000|0.000|0.000|0.000|0.000
ObjData_34 = 0|0.000|0.000|0.000|0.000|0.000|0.000
ObjData_35 = 0|0.000|0.000|0.000|0.000|0.000|0.000
ObjData_36 = 0|0.000|0.000|0.000|0.000|0.000|0.000
ObjData_37 = 0|0.000|0.000|0.000|0.000|0.000|0.000
ObjData_38 = 0|0.000|0.000|0.000|0.000|0.000|0.000
ObjData_39 = 0|0.000|0.000|0.000|0.000|0.000|0.000
ObjData_40 = 0|0.000|0.000|0.000|0.000|0.000|0.000
ObjData_41 = 0|0.000|0.000|0.000|0.000|0.000|0.000
ObjData_42 = 0|0.000|0.000|0.000|0.000|0.000|0.000
ObjData_43 = 0|0.000|0.000|0.000|0.000|0.000|0.000
Arm0 = 0
ArmD0 = 0
Arm1 = 0
ArmD1 = 0
Arm2 = 0
ArmD2 = 0
Arm3 = 0
ArmD3 = 0
Arm4 = 0
ArmD4 = 0
Arm5 = 0
ArmD5 = 0
Arm6 = 0
ArmD6 = 0
Arm7 = 0
ArmD7 = 0
Arm8 = 0
ArmD8 = 0
Arm9 = 0
ArmD9 = 0
ObjData_44 = 0|0.000|0.000|0.000|0.000|0.000|0.000
ObjData_45 = 0|0.000|0.000|0.000|0.000|0.000|0.000
ObjData_46 = 0|0.000|0.000|0.000|0.000|0.000|0.000
ObjData_47 = 0|0.000|0.000|0.000|0.000|0.000|0.000
ObjData_48 = 0|0.000|0.000|0.000|0.000|0.000|0.000
ObjData_49 = 0|0.000|0.000|0.000|0.000|0.000|0.000
Arm10 = 0
ArmD10 = 0
Arm11 = 0
ArmD11 = 0
Transferida = 
