[data]
Nombre = Ivanovic House
Dueño = Ivanovic_David
Contraseña = 51970309
Dinero = 0
Precio = 120000
VirtualWorld = 352
Interior = 1
Comprada = true
Cerrada = true
Entrada_x = 2023.013427
Entrada_y = -1052.950561
Entrada_z = 25.596122
Salida_x = 223.414306
Salida_y = 1273.432006
Salida_z = 1082.140014
Familia = 0
Contraseña_puerta = 4512
Arm0 = 28
ArmD0 = 0
ObjData_0 = 2301|231.171|1273.304|1081.067|0.000|0.399|-90.600
ObjData_1 = 1502|219.371|1272.982|1081.119|0.000|-0.099|90.599
ObjData_2 = 1502|221.450|1278.495|1081.117|0.000|0.000|90.099
ObjData_3 = 1502|228.213|1275.135|1081.107|0.000|0.000|91.000
ObjData_4 = 1208|216.794|1279.671|1081.177|0.000|0.000|-91.400
ObjData_5 = 2525|218.622|1275.937|1081.147|0.000|0.000|0.000
ObjData_6 = 2527|217.390|1275.049|1081.107|0.000|0.000|0.000
ObjData_7 = 2526|217.347|1274.490|1081.167|-0.299|0.000|-89.799
ObjData_8 = 2103|218.937|1276.744|1083.237|0.000|0.000|-179.099
ObjData_9 = 2149|219.908|1276.828|1083.367|0.000|0.000|-179.500
ObjData_10 = 2161|234.570|1275.433|1081.917|0.000|0.000|-90.799
ObjData_11 = 1828|225.608|1277.884|1081.146|0.000|0.000|0.000
ObjData_12 = 2313|228.846|1272.282|1081.176|0.000|0.000|89.599
ObjData_13 = 2312|228.872|1272.865|1082.047|0.000|0.000|88.700
ObjData_14 = 2135|220.747|1277.193|1081.187|0.000|0.000|179.500
ObjData_15 = 2136|219.761|1277.206|1081.189|0.000|-0.100|179.499
ObjData_16 = 2137|217.782|1277.245|1081.197|0.000|-0.599|179.600
ObjData_17 = 2139|230.676|1272.300|1081.037|0.000|0.000|-175.799
ObjData_18 = 2167|230.638|1271.924|1082.057|0.000|0.000|-179.699
ObjData_19 = 2140|234.034|1277.038|1081.087|0.000|0.000|-93.999
ObjData_20 = 19172|227.660|1278.102|1082.958|0.000|0.000|-87.299
ObjData_21 = 1727|227.182|1278.535|1081.097|0.000|0.000|-89.600
ObjData_22 = 1727|224.770|1279.442|1081.117|0.000|0.000|0.000
ObjData_23 = 1727|223.238|1277.468|1081.105|0.000|0.000|88.598
ObjData_24 = 1727|226.217|1273.291|1081.188|0.000|0.000|179.399
ObjData_25 = 1808|216.892|1276.967|1081.197|0.000|0.000|178.900
ObjData_26 = 1744|219.743|1276.505|1082.868|0.599|0.000|-179.899
ObjData_27 = 1817|224.738|1277.345|1081.216|0.000|0.000|0.000
ObjData_28 = 2069|226.845|1279.430|1081.249|0.000|0.000|0.000
ObjData_29 = 19173|216.526|1278.674|1083.268|0.000|0.000|-89.099
ObjData_30 = 1409|216.867|1278.834|1081.117|0.000|0.000|-89.199
ObjData_31 = 19317|233.041|1271.919|1083.035|1.599|-45.999|-175.000
ObjData_32 = 16779|225.284|1277.993|1084.209|0.000|0.000|0.000
ObjData_33 = 1717|225.963|1276.506|1081.259|0.000|0.000|132.000
ObjData_34 = 2524|218.759|1275.307|1081.117|0.000|0.000|-88.099
ObjData_35 = 16779|231.531|1274.998|1084.318|0.000|0.000|0.000
ObjData_36 = 2779|219.977|1275.373|1081.116|0.000|0.000|90.400
ObjData_37 = 2028|229.799|1272.871|1081.257|0.000|0.000|0.000
ObjData_38 = 1840|234.318|1273.392|1082.578|0.000|0.000|0.000
ObjData_39 = 1840|234.322|1272.094|1082.597|0.000|0.000|0.000
ObjData_40 = 1839|234.410|1272.741|1082.578|0.000|0.000|0.000
ObjData_41 = 2069|224.727|1273.006|1081.206|0.000|0.000|0.000
ObjData_42 = 2069|226.648|1272.998|1081.199|0.000|0.000|0.000
ObjData_43 = 1742|227.795|1274.333|1081.197|0.000|0.000|-92.299
ObjData_44 = 2627|232.285|1277.549|1081.147|0.000|0.000|-90.600
ObjData_45 = 2630|229.917|1277.577|1081.157|0.000|0.000|-91.399
ObjData_46 = 2165|233.975|1275.754|1081.137|0.000|0.000|-90.000
ObjData_47 = 2356|232.947|1275.029|1081.147|0.000|0.000|-88.899
ObjData_48 = 19357|0.000|0.000|0.000|0.000|0.000|0.000
Arm1 = 73
ArmD1 = 90
Arm2 = 101
ArmD2 = 0
Arm3 = 101
ArmD3 = 0
Arm4 = 102
ArmD4 = 0
Arm5 = 101
ArmD5 = 0
Arm6 = 25
ArmD6 = 0
Arm7 = 25
ArmD7 = 0
Arm8 = 101
ArmD8 = 0
Arm9 = 75
ArmD9 = 21
ObjData_49 = 1502|0.000|0.000|0.000|0.000|0.000|0.000
ObjData_50 = 19173|0.000|0.000|0.000|0.000|0.000|0.000
ObjData_51 = 2298|0.000|0.000|0.000|0.000|0.000|179.800
Arm10 = 18
ArmD10 = 1
Arm11 = 103
ArmD11 = 0
Transferida = 
