[data]
Nombre = Casa.
Dueño = Maxi_Cabral
Contraseña = 0
Dinero = 0
Precio = 160000
VirtualWorld = 358
Interior = 6
Comprada = true
Cerrada = true
Entrada_x = 2359.858886
Entrada_y = -1796.034912
Entrada_z = 13.546875
Salida_x = 268.538787
Salida_y = 1063.776977
Salida_z = 1084.212280
Familia = 0
Contraseña_puerta = 5423
Arm0 = 0
ArmD0 = 0
Arm1 = 0
ArmD1 = 0
Arm2 = 0
ArmD2 = 0
Arm3 = 0
ArmD3 = 0
Arm4 = 0
ArmD4 = 0
ObjData_0 = 2779|0.000|0.000|0.000|0.000|0.000|0.000
ObjData_1 = 2103|0.000|0.000|0.000|0.000|0.000|0.000
ObjData_2 = 2298|271.164|1081.821|1086.418|-0.800|-0.099|-90.099
ObjData_3 = 2964|0.000|0.000|0.000|0.000|0.000|0.000
ObjData_4 = 19317|0.000|0.000|0.000|0.000|0.000|0.000
ObjData_5 = 1828|268.582|1065.057|1083.183|0.000|-0.299|-89.699
ObjData_6 = 1723|0.000|0.000|0.000|0.000|0.000|0.000
ObjData_7 = 2161|0.000|0.000|0.000|0.000|0.000|0.000
ObjData_8 = 1840|0.000|0.000|0.000|0.000|0.000|0.000
ObjData_9 = 1817|0.000|0.000|0.000|0.000|0.000|0.000
ObjData_10 = 19166|275.087|1069.908|1084.966|92.100|-0.899|-87.901
ObjData_11 = 16779|272.018|1080.748|1089.906|-1.799|-0.199|-36.098
ObjData_12 = 2527|264.172|1085.656|1086.883|0.000|0.000|0.000
ObjData_13 = 2524|262.148|1086.632|1086.812|0.000|0.000|0.000
ObjData_14 = 2525|261.651|1086.566|1086.834|0.000|0.000|0.000
ObjData_15 = 1208|264.505|1083.376|1086.853|0.000|0.000|0.000
ObjData_16 = 2316|270.656|1062.557|1084.538|0.299|0.200|179.199
ObjData_17 = 2165|257.203|1084.901|1083.250|0.000|0.000|0.000
ObjData_18 = 2313|267.939|1085.279|1083.257|0.000|0.000|1.899
ObjData_19 = 0|0.000|0.000|0.000|0.000|0.000|0.000
ObjData_20 = 0|0.000|0.000|0.000|0.000|0.000|0.000
ObjData_21 = 0|0.000|0.000|0.000|0.000|0.000|0.000
ObjData_22 = 1502|275.235|1071.908|1083.090|0.000|0.000|90.099
ObjData_23 = 1502|0.000|0.000|0.000|2.199|0.299|3.500
Arm5 = 0
ArmD5 = 0
Arm6 = 0
ArmD6 = 0
Arm7 = 0
ArmD7 = 0
Arm8 = 0
ArmD8 = 0
Arm9 = 0
ArmD9 = 0
Arm10 = 0
ArmD10 = 0
Arm11 = 0
ArmD11 = 0
ObjData_24 = 19384|0.000|0.000|0.000|0.000|0.000|0.000
ObjData_25 = 19384|0.000|0.000|0.000|0.000|0.000|0.000
ObjData_26 = 19384|0.000|0.000|0.000|0.000|0.000|0.000
ObjData_27 = 19384|0.000|0.000|0.000|0.000|0.000|0.000
Transferida = Maxi_Cabral
