[data]
Nombre = Bodega "Esparza"
Dueño = Alberto_Esparza
Contraseña = 0
Dinero = 0
Precio = 160000
VirtualWorld = 359
Interior = 6
Comprada = true
Cerrada = true
Entrada_x = 2380.679931
Entrada_y = -1785.712158
Entrada_z = 13.546875
Salida_x = 268.538787
Salida_y = 1063.776977
Salida_z = 1084.212280
Familia = 0
Contraseña_puerta = 4758
Arm0 = 0
ArmD0 = 0
Arm1 = 0
ArmD1 = 0
Arm2 = 0
ArmD2 = 0
Arm3 = 0
ArmD3 = 0
Arm4 = 0
ArmD4 = 0
Arm5 = 0
ArmD5 = 0
Arm6 = 0
ArmD6 = 0
Arm7 = 0
ArmD7 = 0
Arm8 = 0
ArmD8 = 0
Arm9 = 0
ArmD9 = 0
ObjData_0 = 2299|279.786|1073.256|1083.149|0.000|0.899|-90.599
ObjData_1 = 2299|279.804|1080.782|1083.161|0.000|0.199|-90.400
ObjData_2 = 2298|271.021|1082.534|1086.841|0.000|0.800|-89.899
ObjData_3 = 2298|271.042|1081.152|1086.807|0.000|-0.099|-90.900
ObjData_4 = 1828|268.498|1064.005|1083.181|0.000|0.000|-90.700
ObjData_5 = 2527|263.549|1086.643|1086.763|0.000|0.000|-91.300
ObjData_6 = 2526|264.480|1084.851|1086.813|0.000|0.000|-87.199
ObjData_7 = 2524|260.580|1086.585|1086.814|0.000|0.000|0.000
ObjData_8 = 2525|259.856|1086.545|1086.873|0.000|0.000|0.000
ObjData_9 = 1208|259.394|1083.389|1086.863|0.000|0.000|0.000
ObjData_10 = 2165|258.158|1081.509|1086.801|-0.099|0.000|91.000
ObjData_11 = 2356|258.877|1082.290|1086.755|0.000|0.000|91.899
ObjData_12 = 1723|270.865|1080.532|1083.256|0.000|0.000|-178.799
ObjData_13 = 1723|268.513|1080.483|1083.265|0.000|0.000|-178.800
ObjData_14 = 2313|278.924|1072.061|1083.193|0.000|0.000|89.700
ObjData_15 = 2313|270.295|1079.860|1086.841|0.000|0.000|89.500
ObjData_16 = 2313|0.000|0.000|0.000|0.000|0.000|0.000
ObjData_17 = 2312|278.982|1072.700|1084.033|0.000|0.000|89.699
ObjData_18 = 2312|270.321|1080.495|1087.816|0.000|0.000|89.500
ObjData_19 = 2312|0.000|0.000|0.000|0.000|0.000|0.000
ObjData_20 = 2779|274.705|1068.832|1083.200|0.000|0.000|-92.800
ObjData_21 = 2627|258.809|1078.230|1086.883|0.000|0.000|89.600
ObjData_22 = 2630|258.452|1080.232|1086.803|0.000|0.000|92.399
ObjData_23 = 19356|257.437|1072.851|1087.276|1.700|0.099|5.000
Arm10 = 0
ArmD10 = 0
Arm11 = 0
ArmD11 = 0
Transferida = Alberto_Esparza
