[data]
Nombre = Recidencia Ceballos
Dueño = Matias_Ceballos
Contraseña = 0
Dinero = 0
Precio = 57000
VirtualWorld = 126
Interior = 9
Comprada = true
Cerrada = false
Entrada_x = 937.869995
Entrada_y = -848.713012
Entrada_z = 93.577278
Salida_x = 275.740203
Salida_y = 1237.718383
Salida_z = 1084.257812
Caja_Fuerte_x = 0.000000
Caja_Fuerte_y = 0.000000
Caja_Fuerte_z = 0.000000
Familia = 0
Ropa_0 = 0
Ropa_1 = 0
Ropa_2 = 0
Ropa_3 = 0
Ropa_4 = 0
Ropa_5 = 0
Ropa_6 = 0
Ropa_7 = 0
Ropa_8 = 0
Ropa_9 = 0
Contraseña_puerta = 264
ObjData_0 = 2137|279.786|1249.755|1083.249|0.000|0.000|-91.799
ObjData_1 = 2136|279.787|1248.732|1083.249|0.000|0.000|-89.800
ObjData_2 = 2140|279.783|1245.014|1082.947|0.000|0.000|-92.999
ObjData_3 = 2313|274.276|1241.664|1083.277|0.300|0.699|89.899
ObjData_4 = 2322|274.250|1242.132|1084.066|0.299|-0.600|89.799
ObjData_26 = 0|0.000|0.000|0.000|0.000|0.000|0.000
Arma_0 = 22
Arma_1 = 4
Arma_2 = 0
Arma_3 = 0
Arma_4 = 0
Arma_5 = 0
Arma_6 = 0
Arma_7 = 0
Arma_8 = 0
Arma_9 = 0
Bala_0 = 48
Bala_1 = 1
Bala_2 = 0
Bala_3 = 0
Bala_4 = 0
Bala_5 = 0
Bala_6 = 0
Bala_7 = 0
Bala_8 = 0
Bala_9 = 0
Arm0 = 0
ArmD0 = 0
ObjData_5 = 2964|278.794|1238.454|1083.278|0.000|0.000|0.000
ObjData_6 = 1723|280.073|1242.260|1083.269|0.000|0.000|-90.200
ObjData_7 = 1724|277.843|1243.433|1083.179|0.000|0.000|0.000
ObjData_8 = 2161|275.841|1254.487|1083.310|0.000|0.000|-89.299
ObjData_9 = 2299|272.714|1253.581|1083.348|0.000|0.000|88.600
ObjData_10 = 0|0.000|0.000|0.000|0.000|0.000|0.000
ObjData_11 = 2526|268.796|1249.338|1083.259|0.000|0.000|0.000
ObjData_12 = 2525|267.646|1249.163|1083.348|0.000|0.000|0.000
ObjData_13 = 2524|268.574|1247.224|1083.238|0.000|0.000|177.599
ObjData_14 = 0|0.000|0.000|0.000|0.000|0.000|0.000
ObjData_15 = 1840|275.793|1253.531|1084.980|0.000|0.000|0.000
ObjData_16 = 1840|275.729|1255.460|1083.268|0.000|0.000|0.000
Arm1 = 0
ArmD1 = 0
Arm2 = 0
ArmD2 = 0
Arm3 = 0
ArmD3 = 0
Arm4 = 0
ArmD4 = 0
Arm5 = 0
ArmD5 = 0
Arm6 = 0
ArmD6 = 0
Arm7 = 0
ArmD7 = 0
Arm8 = 0
ArmD8 = 0
Arm9 = 0
ArmD9 = 0
Arm10 = 0
ArmD10 = 0
Arm11 = 0
ArmD11 = 0
Transferida = Matias_Ceballos
