[data]
Nombre = II Palazzo di Barba
Dueño = Oscar_Lesmes
Contraseña = 0
Dinero = 0
Precio = 60000
VirtualWorld = 364
Interior = 8
Comprada = true
Cerrada = true
Entrada_x = 1781.514526
Entrada_y = -2101.270263
Entrada_z = 14.056648
Salida_x = 2365.263916
Salida_y = -1134.603637
Salida_z = 1050.672363
Familia = 0
Contraseña_puerta = 8642
Arm0 = 8
ArmD0 = 30
Arm1 = 2
ArmD1 = 0
Arm2 = 9
ArmD2 = 30
Arm3 = 73
ArmD3 = 103
Arm4 = 4
ArmD4 = 2
Arm5 = 30
ArmD5 = 0
Arm6 = 117
ArmD6 = 1
Arm7 = 18
ArmD7 = 1
Arm8 = 3
ArmD8 = 0
Arm9 = 0
ArmD9 = 0
Arm10 = 28
ArmD10 = 0
Arm11 = 28
ArmD11 = 0
ObjData_0 = 1502|2367.025|-1132.727|1049.915|0.799|0.700|91.099
ObjData_1 = 1502|2369.191|-1128.184|1049.880|-0.199|-0.399|92.399
ObjData_2 = 1502|2366.324|-1125.348|1049.891|0.000|0.000|0.000
ObjData_3 = 2161|2361.115|-1121.292|1051.452|-0.099|-0.099|87.000
ObjData_4 = 2298|2363.640|-1123.339|1049.904|0.000|0.000|0.000
ObjData_5 = 2294|2357.891|-1130.260|1049.922|0.000|0.000|0.000
ObjData_6 = 2129|2358.927|-1130.280|1049.944|0.000|0.000|0.000
ObjData_7 = 2127|2359.927|-1130.328|1049.984|0.000|0.000|0.000
ObjData_8 = 1761|2371.604|-1121.197|1049.864|0.000|0.000|0.000
ObjData_9 = 1762|2369.721|-1124.035|1049.835|0.000|0.000|89.200
ObjData_10 = 1760|2375.722|-1122.812|1049.865|0.000|0.000|-91.499
ObjData_11 = 2115|2370.485|-1132.656|1049.894|0.000|0.000|0.000
ObjData_12 = 2120|2372.136|-1132.645|1050.514|0.000|0.000|0.000
ObjData_13 = 2120|2371.408|-1133.067|1050.485|0.000|0.000|-92.699
ObjData_14 = 2120|2371.428|-1132.279|1050.484|0.000|0.000|91.499
ObjData_15 = 2120|2370.539|-1132.270|1050.515|0.000|0.000|91.100
ObjData_16 = 2313|2374.064|-1128.797|1049.894|0.000|0.000|-179.499
ObjData_17 = 2312|2373.448|-1129.472|1051.805|0.000|0.000|-178.399
ObjData_18 = 2167|0.000|0.000|0.000|0.000|0.000|0.000
ObjData_19 = 2964|2363.283|-1124.003|1049.774|0.000|0.000|0.000
ObjData_20 = 2120|2369.961|-1132.628|1050.504|0.000|0.000|177.599
ObjData_21 = 2120|2370.631|-1133.054|1050.534|0.000|0.000|-87.099
ObjData_22 = 2120|2358.991|-1135.282|1050.454|0.000|0.000|0.000
ObjData_23 = 1502|2363.315|-1132.557|1049.854|0.000|0.000|86.100
ObjData_24 = 2130|2362.781|-1134.020|1049.844|0.000|0.000|-89.199
ObjData_25 = 2128|2361.944|-1130.233|1049.904|0.000|0.000|0.000
ObjData_26 = 1828|2365.247|-1132.641|1049.864|0.000|0.000|89.100
ObjData_27 = 19173|2357.325|-1133.196|1052.152|0.000|0.000|-90.099
ObjData_28 = 2112|2358.352|-1135.134|1050.282|0.000|0.000|0.000
ObjData_29 = 1744|2363.420|-1133.979|1051.375|0.000|0.000|-90.399
ObjData_30 = 2149|2363.146|-1134.330|1051.864|0.000|0.000|-91.599
ObjData_31 = 2525|0.000|0.000|0.000|0.000|0.000|0.000
ObjData_32 = 2524|0.000|0.000|0.000|0.000|0.000|0.000
ObjData_33 = 1208|0.000|0.000|0.000|0.000|0.000|0.000
ObjData_34 = 1649|0.000|0.000|0.000|0.000|0.000|0.000
ObjData_35 = 19357|0.000|0.000|0.000|0.000|0.000|0.000
ObjData_36 = 19357|0.000|0.000|0.000|0.000|0.000|0.000
ObjData_37 = 19430|0.000|0.000|0.000|0.000|0.000|0.000
ObjData_38 = 19430|0.000|0.000|0.000|0.000|0.000|0.000
ObjData_39 = 19430|0.000|0.000|0.000|0.000|0.000|0.000
ObjData_40 = 19430|0.000|0.000|0.000|0.000|0.000|0.000
Transferida = Oscar_Lesmes
