[data]
Nombre = Residencia "Esparza"
Dueño = Edgar_Esparza
Contraseña = 0
Dinero = 0
Precio = 60000
VirtualWorld = 368
Interior = 8
Comprada = true
Cerrada = false
Entrada_x = 1734.129394
Entrada_y = -2097.980224
Entrada_z = 14.036639
Salida_x = 2365.263916
Salida_y = -1134.603637
Salida_z = 1050.672363
Familia = 0
Contraseña_puerta = 1234
Arm0 = 0
ArmD0 = 0
ObjData_0 = 2165|2367.852|-1120.045|1049.824|0.000|0.000|-52.199
ObjData_1 = 2356|2366.929|-1121.317|1049.864|0.000|0.000|-53.000
ObjData_2 = 2079|2360.428|-1134.042|1050.514|0.000|0.000|-88.099
ObjData_3 = 2079|2360.469|-1131.877|1050.424|0.000|0.000|93.600
ObjData_4 = 2115|2361.312|-1121.266|1049.584|0.000|0.000|-90.999
ObjData_5 = 2161|2374.378|-1130.250|1049.884|0.000|0.000|-39.999
ObjData_6 = 2167|2369.523|-1121.079|1049.864|0.000|0.000|77.000
ObjData_7 = 2313|2373.961|-1128.891|1049.885|0.000|0.000|-177.600
ObjData_8 = 2141|2362.546|-1135.082|1049.795|0.000|0.000|-137.000
ObjData_9 = 2312|2373.268|-1128.762|1050.855|0.000|0.000|-177.900
ObjData_10 = 2298|2371.743|-1124.440|1049.844|0.000|0.000|0.000
ObjData_11 = 1761|2375.785|-1124.485|1049.854|0.000|0.000|-91.100
ObjData_12 = 1761|2369.669|-1126.166|1049.804|0.000|0.000|89.700
ObjData_13 = 2134|0.000|0.000|0.000|0.000|0.000|0.000
ObjData_14 = 0|0.000|0.000|0.000|0.000|0.000|0.000
ObjData_15 = 0|0.000|0.000|0.000|0.000|0.000|0.000
ObjData_16 = 1723|2370.462|-1135.062|1049.854|0.000|0.000|176.199
ObjData_17 = 1723|2374.226|-1135.224|1049.865|0.000|0.000|177.600
ObjData_18 = 1742|2361.558|-1119.685|1049.864|0.000|0.000|28.200
ObjData_19 = 19173|2369.241|-1123.906|1051.884|0.000|0.000|90.299
ObjData_20 = 1502|2369.183|-1128.212|1049.855|0.000|0.000|88.100
ObjData_21 = 1502|2367.023|-1132.709|1049.854|0.000|0.000|89.999
ObjData_22 = 1502|2366.319|-1125.360|1049.875|0.000|0.000|0.000
ObjData_23 = 1502|2363.234|-1131.034|1049.885|0.000|0.000|-89.499
ObjData_24 = 1502|0.000|0.000|0.000|0.000|0.000|0.000
ObjData_25 = 19317|2361.136|-1121.961|1051.841|0.000|-33.299|78.699
ObjData_26 = 16779|2364.762|-1122.612|1053.955|0.000|0.000|0.000
ObjData_27 = 16779|2371.044|-1132.324|1053.965|0.000|0.000|0.000
ObjData_28 = 2135|2357.950|-1130.505|1049.854|0.000|0.000|86.999
ObjData_29 = 19317|0.000|0.000|0.000|0.000|0.000|0.000
ObjData_30 = 2137|2357.822|-1135.417|1049.865|0.000|0.000|90.399
ObjData_31 = 2139|2357.838|-1134.444|1049.855|0.000|0.000|90.000
ObjData_32 = 2140|2357.846|-1133.462|1049.864|0.000|0.000|88.799
ObjData_33 = 2136|2357.872|-1132.479|1049.862|0.000|0.000|87.500
ObjData_34 = 19172|2371.292|-1135.933|1051.964|0.000|0.000|-179.699
ObjData_35 = 2086|2360.443|-1132.913|1050.223|0.000|0.000|0.000
ObjData_36 = 2149|0.000|0.000|0.000|0.000|0.000|0.000
ObjData_37 = 2313|2361.552|-1124.727|1049.894|0.000|0.000|89.899
ObjData_38 = 2312|2361.548|-1124.047|1050.744|0.000|0.000|90.099
Arm1 = 0
ArmD1 = 0
Arm2 = 0
ArmD2 = 0
Arm3 = 0
ArmD3 = 0
Arm4 = 0
ArmD4 = 0
Arm5 = 0
ArmD5 = 0
Arm6 = 0
ArmD6 = 0
Arm7 = 0
ArmD7 = 0
Arm8 = 0
ArmD8 = 0
Arm9 = 0
ArmD9 = 0
Arm10 = 0
ArmD10 = 0
Arm11 = 0
ArmD11 = 0
Transferida = Edgar_Esparza
