[data]
Nombre = Guarida secreta
Dueño = Cristian_Cortes
Contraseña = 0
Dinero = 0
Precio = 60000
VirtualWorld = 371
Interior = 8
Comprada = true
Cerrada = true
Entrada_x = 1695.510864
Entrada_y = -2125.648925
Entrada_z = 13.810070
Salida_x = 2365.263916
Salida_y = -1134.603637
Salida_z = 1050.672363
Familia = 0
Contraseña_puerta = 0
Arm0 = 0
ArmD0 = 0
ObjData_0 = 2525|0.000|0.000|0.000|0.000|0.000|0.000
ObjData_1 = 2316|2368.593|-1122.391|1050.714|0.000|0.000|-90.000
ObjData_2 = 2069|2361.421|-1123.700|1048.915|0.000|0.000|0.000
ObjData_3 = 2165|2365.915|-1119.894|1049.874|0.000|0.000|0.000
ObjData_4 = 1724|2363.946|-1130.190|1049.912|1.000|0.000|91.099
ObjData_5 = 2313|2368.654|-1121.621|1049.875|0.299|0.000|-89.800
ObjData_6 = 2028|2368.650|-1121.523|1050.444|0.000|0.000|-70.100
ObjData_7 = 2356|2366.582|-1120.889|1049.864|0.000|0.000|0.000
ObjData_8 = 2115|0.000|0.000|0.000|0.000|0.000|-90.199
ObjData_9 = 2299|0.000|0.000|0.000|0.000|0.000|90.000
ObjData_10 = 1753|2374.498|-1131.996|1049.874|0.000|0.000|-89.999
ObjData_11 = 1753|2373.139|-1135.397|1049.874|0.000|0.000|179.999
ObjData_12 = 1502|2366.980|-1131.176|1049.874|0.000|0.000|-90.199
ObjData_13 = 1502|2369.153|-1126.692|1049.874|0.000|0.000|-90.200
ObjData_14 = 1502|2366.323|-1125.388|1049.864|0.000|0.000|0.000
ObjData_15 = 1502|2363.312|-1131.026|1049.884|0.000|0.000|-89.899
ObjData_16 = 2086|2372.098|-1133.026|1050.244|0.000|0.000|0.000
ObjData_17 = 19173|2372.112|-1135.931|1052.065|0.000|0.000|0.000
ObjData_18 = 2779|0.000|0.000|0.000|0.000|0.000|90.100
ObjData_19 = 2161|2375.020|-1131.168|1053.184|0.000|-179.799|-89.999
ObjData_20 = 2964|2368.226|-1134.566|1049.864|0.000|0.000|-90.000
ObjData_21 = 2120|2372.328|-1124.439|1050.504|0.000|0.000|0.000
ObjData_22 = 2120|2371.280|-1125.076|1050.504|0.000|0.000|-90.499
ObjData_23 = 2120|2371.747|-1123.320|1050.514|0.000|0.000|92.699
ObjData_24 = 2120|2370.614|-1123.956|1050.512|0.000|0.000|-179.100
ObjData_25 = 2112|2371.525|-1124.196|1050.264|0.000|0.000|0.000
ObjData_26 = 2356|0.000|0.000|0.000|0.000|0.000|0.000
ObjData_27 = 2103|2363.730|-1125.088|1051.375|0.000|0.000|-179.999
ObjData_28 = 1724|2364.337|-1126.021|1049.906|-0.500|0.599|1.299
ObjData_29 = 2135|2375.665|-1120.959|1049.874|0.000|0.000|-90.000
ObjData_30 = 2136|2375.662|-1121.941|1049.874|0.000|0.000|-90.000
ObjData_31 = 2137|2375.653|-1123.906|1049.875|0.000|0.000|-90.000
ObjData_32 = 2139|2375.650|-1124.880|1049.864|0.000|0.000|-89.599
ObjData_33 = 2140|0.000|0.000|0.000|0.000|0.000|-87.200
ObjData_34 = 1409|2375.787|-1126.105|1049.984|0.000|0.000|89.900
ObjData_35 = 1409|0.000|0.000|0.000|-0.499|26.900|179.899
ObjData_36 = 1409|0.000|0.000|0.000|0.000|0.000|0.000
ObjData_37 = 1808|2375.784|-1127.016|1049.864|0.000|0.000|-90.000
ObjData_38 = 19317|0.000|0.000|0.000|0.000|0.000|0.000
ObjData_39 = 2069|2361.395|-1120.920|1048.893|0.000|0.000|0.000
ObjData_40 = 2298|2365.100|-1123.625|1049.864|0.000|0.000|89.999
ObjData_41 = 1744|2364.196|-1125.445|1051.035|0.000|0.000|179.800
ObjData_42 = 1744|2364.206|-1125.450|1052.066|0.000|0.000|179.999
ObjData_43 = 2161|2375.017|-1134.825|1051.805|0.000|0.000|-90.099
ObjData_44 = 2527|2358.765|-1135.453|1049.864|0.000|0.000|89.999
ObjData_45 = 2524|2357.836|-1134.795|1049.864|0.000|0.000|90.099
ObjData_46 = 2524|2357.839|-1134.094|1049.864|0.000|0.000|90.099
ObjData_47 = 1840|2363.091|-1125.188|1052.415|0.000|0.000|-56.399
ObjData_48 = 1840|2364.467|-1125.193|1052.401|0.000|0.299|-126.200
ObjData_49 = 19172|2361.093|-1122.332|1052.636|0.000|0.000|90.000
Arm1 = 0
ArmD1 = 0
Arm2 = 0
ArmD2 = 0
Arm3 = 13
ArmD3 = 0
Arm4 = 0
ArmD4 = 0
Arm5 = 0
ArmD5 = 0
Arm6 = 0
ArmD6 = 0
Arm7 = 0
ArmD7 = 0
Arm8 = 0
ArmD8 = 0
Arm9 = 0
ArmD9 = 0
Arm10 = 0
ArmD10 = 0
Arm11 = 0
ArmD11 = 0
Transferida = Cristian_Cortes
