[data]
Nombre = Mansi칩n  Norris
Due침o = Fernando_Norris
Contrase침a = 3276850
Dinero = 0
Precio = 200000
VirtualWorld = 375
Interior = 9
Comprada = true
Cerrada = false
Entrada_x = 2851.850830
Entrada_y = -1365.944946
Entrada_z = 14.170822
Salida_x = 2317.878173
Salida_y = -1026.683715
Salida_z = 1050.217773
Familia = 0
Contrase침a_puerta = 1698
Arm0 = 5
ArmD0 = 0
ObjData_0 = 1828|2325.985|-1021.754|1049.197|-0.199|0.000|90.400
ObjData_1 = 19166|2325.843|-1017.365|1051.821|91.399|0.000|3.599
ObjData_2 = 1724|2322.529|-1019.731|1049.150|0.000|0.000|89.699
ObjData_3 = 1723|2323.809|-1017.849|1049.150|0.000|0.000|0.000
ObjData_4 = 16779|2326.034|-1020.192|1053.299|0.000|0.000|0.000
ObjData_5 = 2301|0.000|0.000|0.000|0.000|0.000|-87.000
ObjData_6 = 1742|2317.944|-1010.440|1049.209|0.000|0.000|86.999
Arm1 = 9
ArmD1 = 30
Arm2 = 25
ArmD2 = 0
Arm3 = 5
ArmD3 = 8
ObjData_7 = 1502|2317.937|-1013.901|1049.220|0.000|0.000|91.000
ObjData_8 = 1760|2326.919|-1017.675|1049.140|0.000|0.000|0.000
ObjData_9 = 2299|2327.333|-1010.367|1053.637|0.000|0.000|-91.799
Arm4 = 25
ArmD4 = 0
Arm5 = 25
ArmD5 = 0
Arm6 = 0
ArmD6 = 0
ObjData_10 = 19386|2320.342|-1011.122|1050.943|0.100|1.000|92.499
ObjData_11 = 19448|0.000|0.000|0.000|0.000|0.000|0.000
ObjData_12 = 1502|2319.538|-1011.056|1049.190|0.000|0.000|0.000
ObjData_13 = 19429|2318.756|-1011.241|1050.931|0.000|0.000|-87.599
ObjData_14 = 2167|2322.422|-1017.277|1050.732|0.000|0.000|179.899
Arm7 = 13
ArmD7 = 4
Arm8 = 25
ArmD8 = 0
Arm9 = 9
ArmD9 = 4
Arm10 = 9
ArmD10 = 23
Arm11 = 25
ArmD11 = 0
Transferida = Fernando_Norris
