[data]
Nombre = Chino´s House
Dueño = Agustin_Pelassa
Contraseña = 0
Dinero = 0
Precio = 200000
VirtualWorld = 376
Interior = 9
Comprada = true
Cerrada = true
Entrada_x = 2842.063232
Entrada_y = -1334.811157
Entrada_z = 14.742115
Salida_x = 2317.878173
Salida_y = -1026.683715
Salida_z = 1050.217773
Familia = 0
Contraseña_puerta = 2109
Arm0 = 11
ArmD0 = 0
ObjData_0 = 2779|2328.556|-1007.589|1049.189|0.000|0.000|0.000
ObjData_1 = 2165|2322.535|-1016.060|1053.588|0.000|0.000|90.700
ObjData_2 = 2069|2330.621|-1008.369|1053.777|0.000|0.000|0.000
ObjData_3 = 2313|2322.513|-1009.996|1053.898|0.000|0.000|91.599
ObjData_4 = 2312|2322.704|-1009.372|1054.858|0.000|0.000|88.499
ObjData_5 = 2167|2327.468|-1016.573|1053.567|0.000|0.000|-176.800
ObjData_6 = 2299|2327.815|-1010.056|1053.742|-0.300|1.199|-85.400
ObjData_7 = 2120|2323.594|-1015.191|1054.350|0.000|0.000|0.000
ObjData_8 = 2630|2330.143|-1012.927|1053.777|0.000|0.000|-86.799
ObjData_9 = 1828|2325.572|-1012.166|1053.707|0.000|0.000|0.000
ObjData_10 = 2524|2318.679|-1003.120|1053.697|0.000|0.000|0.000
ObjData_11 = 1208|2320.445|-1006.302|1053.717|0.000|0.000|0.000
ObjData_12 = 2525|2316.941|-1003.112|1053.727|0.000|0.000|0.000
ObjData_13 = 2526|2323.408|-1004.332|1053.698|0.000|0.000|90.400
ObjData_14 = 1409|2331.029|-1013.152|1049.360|0.000|0.000|89.099
ObjData_15 = 2627|0.000|0.000|0.000|0.000|0.000|0.000
ObjData_16 = 19317|2327.757|-1006.754|1055.629|0.000|0.000|0.000
ObjData_17 = 1839|2326.054|-1016.601|1050.230|0.000|0.000|-85.299
ObjData_18 = 2964|2327.239|-1011.586|1049.209|0.000|0.000|0.000
ObjData_19 = 2779|2327.145|-1016.497|1049.190|0.000|0.000|179.000
ObjData_20 = 2779|2328.781|-1016.469|1049.199|0.000|0.000|-179.700
ObjData_21 = 1753|2322.371|-1017.686|1049.209|0.000|0.000|0.000
ObjData_22 = 1753|2324.908|-1017.644|1049.159|0.000|0.000|0.000
ObjData_23 = 1840|2325.900|-1016.563|1050.761|0.000|0.000|-89.499
ObjData_24 = 1705|2324.056|-1007.571|1049.210|0.000|0.000|0.000
ObjData_25 = 1753|2327.446|-1017.629|1049.150|0.000|0.000|0.000
ObjData_26 = 1808|2323.484|-1026.884|1049.209|0.000|0.000|177.599
ObjData_27 = 1753|0.000|0.000|0.000|0.000|0.000|0.000
ObjData_28 = 1840|2322.551|-1010.228|1049.709|0.000|0.000|175.599
ObjData_29 = 1817|2322.891|-1010.441|1049.219|0.000|0.000|85.699
ObjData_30 = 2115|2325.512|-1021.929|1049.239|0.000|0.000|2.100
ObjData_31 = 2120|2326.486|-1022.859|1049.880|0.000|0.000|-87.499
ObjData_32 = 2120|2325.527|-1020.709|1049.850|0.000|0.000|89.599
ObjData_33 = 2120|2325.457|-1022.878|1049.860|0.000|0.000|-86.699
ObjData_34 = 2120|2326.523|-1020.779|1049.820|0.000|0.000|90.799
ObjData_35 = 2161|2328.584|-1026.637|1049.169|0.000|0.000|0.000
ObjData_36 = 2161|2325.623|-1026.649|1049.160|0.000|0.000|0.000
Arm1 = 0
ArmD1 = 0
Arm2 = 5
ArmD2 = 0
Arm3 = 89
ArmD3 = 0
Arm4 = 116
ArmD4 = 2
Arm5 = 0
ArmD5 = 0
Arm6 = 18
ArmD6 = 1
Arm7 = 75
ArmD7 = 17
Arm8 = 0
ArmD8 = 0
ObjData_37 = 2115|0.000|0.000|0.000|0.000|0.000|0.000
ObjData_38 = 19356|0.000|0.000|0.000|0.000|0.000|0.000
ObjData_39 = 19448|0.000|0.000|0.000|0.000|0.000|0.000
Arm9 = 4
ArmD9 = 0
Arm10 = 0
ArmD10 = 0
Transferida = Agustin_Pelassa
Arm11 = 19
ArmD11 = 1
