[data]
Nombre = Casa de Joan
Dueño = Joan_Gomenzoro
Contraseña = 34210001
Dinero = 0
Precio = 200000
VirtualWorld = 379
Interior = 6
Comprada = true
Cerrada = false
Entrada_x = 2808.115722
Entrada_y = -1175.914672
Entrada_z = 25.378822
Salida_x = 268.538787
Salida_y = 1063.776977
Salida_z = 1084.212280
Familia = 0
Contraseña_puerta = 0
Arm0 = 0
ArmD0 = 0
ObjData_0 = 2779|271.381|1076.769|1083.096|0.000|0.000|-85.699
ObjData_1 = 2313|272.735|1078.158|1086.840|-2.199|0.899|178.599
ObjData_2 = 1828|268.465|1066.745|1083.201|0.000|0.000|0.000
ObjData_3 = 2964|268.914|1079.680|1083.230|0.000|0.000|0.000
ObjData_4 = 2524|263.122|1086.231|1087.072|0.000|0.000|0.000
ObjData_5 = 2525|264.541|1083.844|1086.913|0.000|0.000|-89.999
ObjData_6 = 2312|271.848|1078.222|1087.772|1.599|-0.900|178.099
ObjData_7 = 2161|265.535|1074.113|1083.237|0.000|0.000|0.000
ObjData_8 = 2298|271.000|1079.638|1086.815|0.000|0.000|0.000
ObjData_9 = 2630|281.864|1074.554|1083.159|-1.499|2.200|-83.300
ObjData_10 = 2627|279.417|1071.138|1083.232|0.000|0.000|0.000
ObjData_11 = 1502|266.915|1068.180|1083.125|0.000|0.000|0.000
ObjData_12 = 1502|260.220|1083.010|1086.824|0.000|0.000|0.000
ObjData_13 = 1502|267.728|1081.446|1086.716|0.000|0.000|-85.299
ObjData_14 = 2149|279.130|1082.333|1084.442|0.000|0.000|0.000
ObjData_15 = 2141|276.849|1082.368|1083.142|0.000|0.000|0.000
ObjData_16 = 2132|282.806|1080.572|1083.202|0.000|0.000|-85.699
ObjData_17 = 1764|269.838|1085.107|1083.217|0.000|0.000|0.000
ObjData_18 = 2112|254.195|1072.817|1083.561|0.000|0.000|0.000
ObjData_19 = 19172|255.962|1076.231|1084.811|0.000|0.000|0.000
ObjData_20 = 1840|257.221|1074.890|1083.440|0.000|0.000|0.000
ObjData_21 = 1839|255.756|1075.988|1083.210|0.000|0.000|88.999
ObjData_22 = 1840|254.523|1076.014|1083.219|0.000|0.000|95.799
ObjData_23 = 1753|256.373|1070.653|1083.130|0.000|0.000|179.600
ObjData_24 = 2133|279.249|1082.524|1083.182|0.000|0.000|0.000
ObjData_25 = 2134|278.220|1082.508|1083.172|0.000|0.000|0.000
ObjData_26 = 1723|259.123|1085.100|1083.102|0.000|0.000|0.000
ObjData_27 = 1502|269.981|1068.199|1083.126|0.000|0.000|178.999
ObjData_28 = 2069|257.119|1070.507|1083.250|0.000|0.000|0.000
ObjData_29 = 1808|280.032|1075.598|1083.199|0.000|0.000|0.000
ObjData_30 = 2127|280.245|1082.634|1083.102|0.000|0.000|0.000
ObjData_31 = 1502|275.238|1079.836|1083.053|0.000|0.000|-88.699
ObjData_32 = 1502|257.438|1073.988|1083.078|-0.499|-1.000|-87.499
Arm1 = 49
ArmD1 = 0
Arm2 = 0
ArmD2 = 0
Arm3 = 112
ArmD3 = 0
Arm4 = 48
ArmD4 = 0
Arm5 = 52
ArmD5 = 0
ObjData_33 = 2159|271.893|1067.437|1083.065|0.000|0.000|-91.000
Arm7 = 117
ArmD7 = 1
Arm6 = 0
ArmD6 = 0
Arm8 = 117
ArmD8 = 0
Arm9 = 0
ArmD9 = 0
Arm10 = 0
ArmD10 = 0
Arm11 = 0
ArmD11 = 0
Transferida = Joan_Gomenzoro
