[data]
Nombre = Refugio Facet
Dueño = Robert_Mcculkin
Contraseña = 0
Dinero = 0
Precio = 80000
VirtualWorld = 382
Interior = 3
Comprada = true
Cerrada = false
Entrada_x = 2627.644531
Entrada_y = -1085.183837
Entrada_z = 69.715583
Salida_x = 2496.000000
Salida_y = -1692.079956
Salida_z = 1014.739990
Familia = 0
Contraseña_puerta = 1230
Arm0 = 5
ArmD0 = 0
Arm1 = 0
ArmD1 = 0
Arm2 = 116
ArmD2 = 0
Arm3 = 0
ArmD3 = 0
Arm4 = 0
ArmD4 = 0
Arm5 = 18
ArmD5 = 0
Arm6 = 0
ArmD6 = 0
Arm7 = 0
ArmD7 = 0
Arm8 = 0
ArmD8 = 0
Arm9 = 0
ArmD9 = 0
Arm10 = 0
ArmD10 = 0
Arm11 = 0
ArmD11 = 0
ObjData_0 = 1502|2495.183|-1691.721|1013.690|0.000|0.000|0.000
ObjData_1 = 1502|2494.495|-1699.633|1013.661|0.000|0.000|-89.000
ObjData_2 = 1723|2497.906|-1697.250|1013.722|0.000|0.000|-90.599
ObjData_3 = 19356|2494.558|-1703.411|1015.398|0.000|0.000|0.000
ObjData_4 = 2313|0.000|0.000|0.000|0.000|0.000|90.600
ObjData_5 = 2120|0.000|0.000|0.000|0.000|0.000|0.000
ObjData_6 = 2120|0.000|0.000|0.000|0.000|0.000|0.000
ObjData_7 = 2120|0.000|0.000|0.000|0.000|0.000|0.000
ObjData_8 = 19356|2492.001|-1698.944|1015.392|0.000|0.000|90.198
ObjData_9 = 2167|0.000|0.000|0.000|0.000|0.000|0.000
ObjData_10 = 2356|2493.372|-1710.939|1013.771|0.000|0.000|88.899
ObjData_11 = 2165|2492.289|-1711.458|1013.752|0.000|0.000|89.199
ObjData_12 = 2202|2496.219|-1713.685|1017.204|81.999|-1.399|-179.499
ObjData_13 = 2312|2491.279|-1711.384|1016.182|0.000|0.000|89.399
ObjData_14 = 2312|2491.285|-1710.532|1016.182|0.000|0.000|89.999
ObjData_15 = 2312|2491.302|-1710.529|1015.472|0.000|0.000|90.699
ObjData_16 = 2312|2491.308|-1711.381|1015.472|0.000|0.000|90.299
ObjData_17 = 1742|2492.833|-1712.842|1013.731|0.000|0.000|179.700
ObjData_18 = 19356|2493.025|-1698.935|1015.410|0.000|0.000|91.599
ObjData_19 = 2313|0.000|0.000|0.000|0.000|0.000|0.000
ObjData_20 = 2316|0.000|0.000|0.000|0.000|0.000|0.000
ObjData_21 = 2316|0.000|0.000|0.000|0.000|0.000|0.000
ObjData_22 = 2779|2497.689|-1702.331|1013.691|0.000|0.000|-91.599
ObjData_23 = 2779|2497.655|-1703.319|1013.729|0.000|0.000|-90.400
ObjData_24 = 2779|2497.649|-1704.356|1013.691|0.000|0.000|-90.699
ObjData_25 = 1723|2497.936|-1694.299|1013.741|0.000|0.000|-90.999
ObjData_26 = 1649|2490.573|-1696.287|1015.576|0.000|0.000|91.099
ObjData_27 = 1840|2490.537|-1698.625|1014.225|0.000|0.000|-178.800
ObjData_28 = 1840|2490.480|-1694.058|1014.174|0.000|0.000|179.700
ObjData_29 = 1840|2490.655|-1700.449|1017.703|0.000|0.000|-174.799
ObjData_30 = 1840|2490.674|-1704.566|1017.723|0.000|0.000|-178.800
ObjData_31 = 2313|0.000|0.000|0.000|0.000|0.000|89.999
ObjData_32 = 1649|2490.510|-1702.521|1019.384|0.000|0.000|90.099
ObjData_33 = 1828|2493.387|-1702.446|1017.322|0.000|0.000|-89.800
ObjData_34 = 19386|2494.546|-1700.419|1015.412|0.000|0.000|0.000
ObjData_35 = 2527|2493.756|-1703.428|1013.738|0.000|0.000|-179.299
ObjData_36 = 2525|2491.266|-1704.418|1013.770|0.000|0.000|178.399
ObjData_37 = 2524|0.000|0.000|0.000|0.000|0.000|0.000
ObjData_38 = 1840|0.000|0.000|0.000|0.000|0.000|0.000
ObjData_39 = 1208|0.000|0.000|0.000|0.000|0.000|0.000
ObjData_40 = 1840|0.000|0.000|0.000|0.000|0.000|0.000
ObjData_41 = 19449|2488.458|-1703.232|1013.684|0.000|-89.999|-0.199
ObjData_42 = 19449|0.000|0.000|0.000|0.000|0.000|0.000
ObjData_43 = 19357|0.000|0.000|0.000|0.000|0.000|0.000
ObjData_44 = 19357|2491.520|-1700.687|1014.770|0.000|0.000|0.000
ObjData_45 = 1649|0.000|0.000|0.000|0.000|0.000|0.000
Transferida = 
