[data]
Nombre = Kilo Tray Ballas 4Life
Dueño = Hinata_Shizuka
Contraseña = 0
Dinero = 200
Precio = 80000
VirtualWorld = 383
Interior = 3
Comprada = true
Cerrada = true
Entrada_x = 2625.935058
Entrada_y = -1098.683349
Entrada_z = 69.363433
Salida_x = 2496.000000
Salida_y = -1692.079956
Salida_z = 1014.739990
Familia = 0
Contraseña_puerta = 1235
Arm0 = 0
ArmD0 = 0
ObjData_0 = 1828|2492.578|-1703.404|1017.343|0.000|0.000|-94.299
ObjData_1 = 2167|2490.984|-1699.725|1017.373|0.000|0.000|0.000
ObjData_2 = 1764|2491.008|-1698.323|1013.764|-2.799|0.699|95.300
ObjData_3 = 1502|2491.614|-1705.822|1017.522|0.000|0.000|7.799
Arm1 = 85
ArmD1 = 4
Arm2 = 77
ArmD2 = 10
Arm3 = 0
ArmD3 = 0
Arm4 = 85
ArmD4 = 3
Arm5 = 0
ArmD5 = 0
Arm6 = 101
ArmD6 = 0
Transferida = Hinata_Shizuka
