[data]
Nombre = || Deslead Freed ||
Dueño = Cristian_Ruiz
Contraseña = 52429072
Dinero = 30
Precio = 80000
VirtualWorld = 384
Interior = 3
Comprada = true
Cerrada = false
Entrada_x = 2625.942138
Entrada_y = -1112.562133
Entrada_z = 67.995307
Salida_x = 2496.000000
Salida_y = -1692.079956
Salida_z = 1014.739990
Familia = 0
Contraseña_puerta = 2398
Arm8 = 0
ArmD8 = 0
Arm0 = 0
ArmD0 = 0
Arm7 = 0
ArmD7 = 0
Arm1 = 0
ArmD1 = 0
Arm3 = 0
ArmD3 = 0
Arm9 = 0
ArmD9 = 0
Arm2 = 0
ArmD2 = 0
Arm4 = 0
ArmD4 = 0
Arm5 = 0
ArmD5 = 0
Arm6 = 0
ArmD6 = 0
Arm10 = 0
ArmD10 = 0
Arm11 = 0
ArmD11 = 0
Transferida = Cristian_Ruiz
ObjData_0 = 1737|2494.127|-1699.892|1013.494|-0.399|0.099|95.699
ObjData_1 = 2165|2491.058|-1700.442|1017.302|0.000|0.000|0.000
ObjData_2 = 2161|2495.843|-1705.798|1017.370|-1.499|-0.099|179.999
ObjData_3 = 19166|2496.665|-1702.334|1019.202|-90.999|0.000|87.999
