[data]
Nombre = Tonio xD
Dueño = Antonio_Salazar
Contraseña = 104661522
Dinero = 0
Precio = 100000
VirtualWorld = 385
Interior = 3
Comprada = true
Cerrada = false
Entrada_x = 2572.325439
Entrada_y = -1091.829833
Entrada_z = 67.225723
Salida_x = 267.569885
Salida_y = 1186.679687
Salida_z = 1080.257812
Familia = 0
Contraseña_puerta = 245
Arm0 = 0
ArmD0 = 0
ObjData_0 = 1723|257.932|1187.509|1079.252|0.000|0.000|179.998
ObjData_1 = 1724|259.693|1196.596|1079.219|1.399|-0.399|-89.698
ObjData_2 = 1723|255.840|1192.523|1079.247|-1.799|0.200|1.502
ObjData_3 = 1724|259.346|1190.735|1079.303|0.899|0.299|-87.900
ObjData_4 = 1723|253.810|1188.768|1079.182|0.000|0.000|90.300
ObjData_5 = 0|0.000|0.000|0.000|0.000|0.000|0.000
ObjData_6 = 19172|266.525|1186.065|1086.471|0.000|0.000|-179.999
ObjData_7 = 19173|265.880|1203.972|1086.492|0.000|0.000|-179.800
ObjData_8 = 2526|269.422|1206.007|1079.172|0.000|0.000|-90.000
ObjData_9 = 2525|269.373|1207.903|1079.233|0.000|0.000|-88.699
ObjData_10 = 2524|267.035|1208.759|1079.232|0.000|0.000|0.000
ObjData_11 = 2964|0.000|0.000|0.000|0.699|0.999|-177.900
ObjData_12 = 2300|257.399|1194.193|1083.361|0.000|0.000|0.000
ObjData_13 = 19173|257.311|1194.382|1082.244|0.000|0.000|0.000
Arm1 = 0
ArmD1 = 0
Arm2 = 0
ArmD2 = 0
Arm3 = 0
ArmD3 = 0
Arm4 = 104
ArmD4 = 0
Arm5 = 104
ArmD5 = 0
Arm6 = 104
ArmD6 = 0
Arm7 = 104
ArmD7 = 0
Arm8 = 104
ArmD8 = 0
Arm9 = 0
ArmD9 = 0
ObjData_14 = 1649|258.811|1189.905|1085.929|0.000|0.000|-179.899
ObjData_15 = 1649|0.000|0.000|0.000|6.598|0.000|179.899
ObjData_16 = 1649|0.000|0.000|0.000|0.000|0.000|89.899
ObjData_17 = 1649|0.000|0.000|0.000|0.000|0.000|30.599
ObjData_18 = 0|0.000|0.000|0.000|0.000|0.000|0.000
ObjData_19 = 1840|260.737|1190.248|1086.665|0.099|-32.000|-80.199
ObjData_20 = 1840|256.890|1190.270|1086.852|0.000|-29.100|-106.999
ObjData_21 = 1817|256.254|1189.647|1079.371|0.000|0.000|0.000
ObjData_22 = 0|0.000|0.000|0.000|0.000|0.000|0.000
ObjData_23 = 0|0.000|0.000|0.000|0.000|0.000|0.000
ObjData_24 = 0|0.000|0.000|0.000|0.000|0.000|0.000
ObjData_25 = 0|0.000|0.000|0.000|0.000|0.000|0.000
ObjData_26 = 2627|0.000|0.000|0.000|-91.198|-89.799|0.000
ObjData_27 = 2115|273.666|1190.428|1079.253|0.000|0.000|0.000
ObjData_28 = 0|0.000|0.000|0.000|0.000|0.000|0.000
ObjData_29 = 0|0.000|0.000|0.000|0.000|0.000|0.000
ObjData_30 = 0|0.000|0.000|0.000|0.000|0.000|0.000
ObjData_31 = 0|0.000|0.000|0.000|0.000|0.000|0.000
ObjData_32 = 0|0.000|0.000|0.000|0.000|0.000|0.000
ObjData_33 = 0|0.000|0.000|0.000|0.000|0.000|0.000
ObjData_34 = 0|0.000|0.000|0.000|0.000|0.000|0.000
ObjData_35 = 0|0.000|0.000|0.000|0.000|0.000|0.000
ObjData_36 = 0|0.000|0.000|0.000|0.000|0.000|0.000
ObjData_37 = 0|0.000|0.000|0.000|0.000|0.000|0.000
ObjData_38 = 0|0.000|0.000|0.000|0.000|0.000|0.000
ObjData_39 = 0|0.000|0.000|0.000|0.000|0.000|0.000
ObjData_40 = 0|0.000|0.000|0.000|0.000|0.000|0.000
ObjData_41 = 0|0.000|0.000|0.000|0.000|0.000|0.000
ObjData_42 = 0|0.000|0.000|0.000|0.000|0.000|0.000
ObjData_43 = 0|0.000|0.000|0.000|0.000|0.000|0.000
ObjData_44 = 0|0.000|0.000|0.000|0.000|0.000|0.000
ObjData_45 = 0|0.000|0.000|0.000|0.000|0.000|0.000
ObjData_46 = 0|0.000|0.000|0.000|0.000|0.000|0.000
ObjData_47 = 0|0.000|0.000|0.000|0.000|0.000|0.000
ObjData_48 = 0|0.000|0.000|0.000|0.000|0.000|0.000
ObjData_49 = 0|0.000|0.000|0.000|0.000|0.000|0.000
ObjData_50 = 2028|258.847|1190.093|1083.611|28.000|0.000|-178.600
ObjData_51 = 16779|258.457|1191.552|1083.404|0.000|0.000|0.000
ObjData_52 = 2165|255.088|1198.758|1079.201|0.000|0.000|89.099
ObjData_53 = 1502|265.521|1204.116|1079.289|0.000|0.000|0.000
ObjData_54 = 1502|262.830|1193.027|1079.232|0.000|0.000|-87.899
ObjData_55 = 1502|262.819|1198.145|1079.356|0.000|0.000|91.499
ObjData_56 = 2356|256.142|1199.151|1079.339|0.000|0.000|87.700
Arm10 = 0
ArmD10 = 0
Arm11 = 0
ArmD11 = 0
Transferida = Rafa_Cortes
