[data]
Nombre = <.Quik Hause.>
Dueño = Enrique_Rodriguez
Contraseña = 0
Dinero = 0
Precio = 40000
VirtualWorld = 388
Interior = 15
Comprada = true
Cerrada = true
Entrada_x = 2526.087890
Entrada_y = -1060.707885
Entrada_z = 69.970779
Salida_x = 326.308105
Salida_y = 1456.211425
Salida_z = 1084.595947
Familia = 0
Contraseña_puerta = 2013
Arm0 = 54
ArmD0 = 18
ObjData_0 = 2779|318.101|1458.983|1083.432|0.000|0.000|0.000
ObjData_1 = 2630|318.942|1456.170|1083.452|1.600|1.499|88.800
ObjData_2 = 2161|326.694|1469.487|1083.399|-1.800|-0.699|-172.299
ObjData_3 = 2028|325.914|1467.174|1084.350|-1.200|81.399|-3.399
ObjData_4 = 2322|325.786|1467.226|1085.778|1.100|-0.400|96.100
ObjData_5 = 1726|321.297|1468.045|1083.439|0.000|0.000|0.000
ObjData_6 = 2312|329.409|1456.320|1086.159|14.100|0.000|89.299
ObjData_7 = 1502|327.085|1464.848|1083.414|0.000|0.000|0.000
ObjData_8 = 1502|0.000|0.000|0.000|0.000|0.000|0.000
ObjData_9 = 1502|331.513|1459.673|1083.438|0.900|0.400|0.499
ObjData_10 = 1502|329.148|1458.365|1083.371|0.000|0.000|-90.000
ObjData_11 = 1502|321.949|1455.447|1083.458|0.000|0.000|92.000
ObjData_12 = 2525|332.835|1461.341|1083.459|0.000|0.000|-87.599
ObjData_13 = 2527|329.752|1462.283|1083.410|0.000|0.000|0.000
ObjData_14 = 2526|331.448|1463.229|1083.449|0.000|0.000|0.000
ObjData_15 = 2524|331.178|1460.182|1083.470|0.000|0.000|177.400
ObjData_16 = 2298|331.487|1458.398|1083.300|-1.299|0.199|-90.799
ObjData_17 = 2299|329.367|1467.853|1083.409|0.000|0.000|-90.199
ObjData_18 = 19317|335.228|1457.558|1085.348|3.699|6.999|-87.899
ObjData_19 = 1828|331.257|1457.649|1083.454|0.000|0.000|0.000
ObjData_20 = 1828|328.270|1467.244|1083.418|0.000|0.000|0.000
ObjData_21 = 1208|324.229|1459.996|1084.569|0.000|0.000|0.000
ObjData_22 = 2086|321.620|1465.744|1083.753|0.000|0.000|0.000
ObjData_23 = 2312|320.976|1460.390|1085.605|13.399|0.299|171.900
ObjData_24 = 1717|322.226|1464.786|1083.447|0.000|0.000|134.799
ObjData_25 = 19356|321.815|1458.532|1084.765|-88.699|-0.699|-0.599
ObjData_26 = 1409|329.601|1459.884|1083.579|0.000|0.000|0.000
ObjData_27 = 1502|0.000|0.000|0.000|0.000|0.000|0.000
ObjData_28 = 1839|0.000|0.000|0.000|0.000|0.000|0.000
ObjData_29 = 1760|0.000|0.000|0.000|0.000|0.000|0.000
ObjData_30 = 2133|0.000|0.000|0.000|0.000|0.000|0.000
ObjData_31 = 1755|318.169|1463.247|1083.430|0.000|0.000|88.499
ObjData_32 = 19386|0.000|0.000|0.000|0.000|0.000|0.000
ObjData_33 = 19166|0.000|0.000|0.000|0.000|0.000|0.000
ObjData_34 = 19166|0.000|0.000|0.000|0.000|0.000|0.000
ObjData_35 = 19166|329.123|1459.741|1085.407|90.400|-90.299|0.199
ObjData_36 = 19166|0.000|0.000|0.000|0.000|0.000|0.000
ObjData_37 = 1726|0.000|0.000|0.000|0.000|0.000|0.000
Arm1 = 57
ArmD1 = 15
Arm2 = 42
ArmD2 = 7
Arm3 = 40
ArmD3 = 13
Arm4 = 48
ArmD4 = 4
Arm5 = 52
ArmD5 = 5
Arm6 = 47
ArmD6 = 34
Arm7 = 57
ArmD7 = 28
Arm8 = 57
ArmD8 = 35
Arm9 = 50
ArmD9 = 14
Arm10 = 13
ArmD10 = 4
Arm11 = 13
ArmD11 = 4
Transferida = 
