[data]
Nombre = Uchiha's
Dueño = Kevin_Uchihaa
Contraseña = 51904773
Dinero = 0
Precio = 80000
VirtualWorld = 389
Interior = 3
Comprada = true
Cerrada = true
Entrada_x = 2470.747314
Entrada_y = -1105.320678
Entrada_z = 44.487880
Salida_x = 2496.000000
Salida_y = -1692.079956
Salida_z = 1014.739990
Familia = 0
Contraseña_puerta = 6514
Arm0 = 0
ArmD0 = 0
Arm1 = 0
ArmD1 = 0
Arm2 = 0
ArmD2 = 0
Arm3 = 0
ArmD3 = 0
Arm4 = 0
ArmD4 = 0
Arm5 = 0
ArmD5 = 0
Arm6 = 0
ArmD6 = 0
Arm7 = 0
ArmD7 = 0
Arm8 = 0
ArmD8 = 0
ObjData_0 = 2313|2495.392|-1712.265|1013.799|0.499|0.799|179.800
ObjData_1 = 19317|2490.495|-1697.967|1015.780|0.000|-15.400|95.300
ObjData_2 = 19356|2492.010|-1699.025|1012.976|0.000|0.000|-90.000
ObjData_3 = 2103|2498.183|-1698.235|1014.565|1.498|-0.499|-92.499
ObjData_4 = 2313|2490.844|-1695.749|1013.820|0.000|0.000|90.000
ObjData_5 = 2298|2492.791|-1701.118|1017.496|-0.200|0.298|-88.699
ObjData_6 = 1726|2493.819|-1693.966|1013.688|1.100|-0.600|-90.699
ObjData_7 = 1727|2491.386|-1698.467|1013.718|0.000|-0.499|127.500
ObjData_8 = 16779|2492.677|-1696.266|1017.362|0.000|0.000|0.000
ObjData_9 = 2112|2498.796|-1698.196|1014.120|0.000|0.000|0.000
ObjData_10 = 2120|2494.433|-1707.558|1014.351|0.000|0.000|0.000
ObjData_11 = 2120|2493.262|-1709.417|1014.351|0.000|0.000|-88.499
ObjData_12 = 2312|2490.729|-1694.581|1014.703|0.000|0.000|65.099
ObjData_13 = 19173|2490.461|-1702.682|1015.752|0.000|0.000|-90.899
ObjData_14 = 2312|2490.355|-1702.842|1020.564|0.000|0.000|90.199
ObjData_15 = 1502|2495.467|-1705.178|1013.750|0.000|0.000|0.000
ObjData_16 = 19166|2498.415|-1698.151|1016.202|89.999|-88.199|-1.199
ObjData_17 = 2165|2490.946|-1700.288|1017.343|0.000|0.000|0.000
ObjData_18 = 2356|2491.408|-1701.212|1017.343|0.000|0.000|0.000
ObjData_19 = 19356|2493.879|-1705.118|1014.742|0.000|0.000|-90.098
ObjData_20 = 1828|2496.015|-1693.169|1013.732|0.000|0.000|91.400
ObjData_21 = 1409|2498.054|-1705.717|1013.836|0.000|0.000|0.000
ObjData_22 = 1753|2491.130|-1699.620|1013.728|0.000|0.000|-0.000
Arm9 = 0
ArmD9 = 0
Arm10 = 0
ArmD10 = 0
Arm11 = 0
ArmD11 = 0
ObjData_23 = 2964|2491.550|-1702.769|1013.772|0.398|0.000|-178.399
ObjData_24 = 19448|2490.361|-1698.340|1015.502|0.000|0.000|0.000
ObjData_25 = 19448|2490.363|-1701.178|1015.343|0.000|0.000|0.000
ObjData_26 = 19448|2490.687|-1705.050|1015.532|0.000|0.000|89.999
ObjData_27 = 19386|2496.226|-1705.002|1015.471|-0.800|0.900|-91.099
ObjData_28 = 19386|0.000|0.000|0.000|0.000|0.000|0.000
ObjData_29 = 19356|2495.416|-1703.594|1011.942|0.000|0.000|0.000
ObjData_30 = 19356|2493.768|-1699.024|1012.981|0.000|0.000|89.900
ObjData_31 = 19356|2494.391|-1695.119|1013.191|0.000|0.000|-0.799
ObjData_32 = 1817|2498.258|-1704.100|1013.742|0.000|0.000|89.300
ObjData_33 = 1742|2498.464|-1695.803|1013.742|0.000|0.000|-90.000
ObjData_34 = 1742|2498.471|-1694.376|1013.734|0.000|0.000|-90.000
Transferida = Kevin_Uchihaa
ObjData_35 = 2013|2497.263|-1712.197|1013.761|0.000|0.000|-177.399
ObjData_36 = 2595|2495.006|-1712.440|1014.652|0.000|0.000|120.699
ObjData_37 = 2312|2497.835|-1703.527|1014.593|0.000|0.000|-92.500
ObjData_38 = 2165|2494.549|-1704.664|1013.840|0.500|0.000|-178.499
ObjData_39 = 2356|2494.092|-1703.507|1013.751|0.000|-0.699|178.199
