[data]
Nombre = Gordon House
Dueño = David_Vega
Contraseña = 35258579
Dinero = 0
Precio = 40000
VirtualWorld = 392
Interior = 15
Comprada = true
Cerrada = true
Entrada_x = 2526.859375
Entrada_y = -1033.520996
Entrada_z = 69.579322
Salida_x = 326.308105
Salida_y = 1456.211425
Salida_z = 1084.595947
Familia = 0
Contraseña_puerta = 2708
Arm0 = 36
ArmD0 = 14
ObjData_0 = 19446|329.179|1464.091|1085.100|0.000|0.000|0.000
ObjData_1 = 19166|335.198|1456.908|1085.285|88.999|-90.200|-1.499
ObjData_2 = 1726|318.901|1463.751|1083.389|0.000|0.000|90.399
ObjData_3 = 2161|325.859|1461.072|1083.419|0.000|0.000|90.099
ObjData_4 = 2115|320.001|1458.937|1083.379|0.000|0.000|0.000
ObjData_5 = 2964|332.526|1457.176|1083.438|0.000|0.000|88.299
ObjData_6 = 1726|320.836|1466.888|1083.410|0.000|0.000|0.000
ObjData_7 = 1828|322.033|1464.206|1083.428|0.000|0.000|0.000
ObjData_8 = 19446|317.603|1463.646|1085.099|0.000|0.000|0.000
ObjData_9 = 2312|325.331|1468.149|1085.726|11.800|0.000|-33.600
ObjData_10 = 2069|318.099|1467.807|1083.495|0.000|0.000|0.000
ObjData_11 = 1726|322.549|1461.691|1083.403|0.000|0.000|178.599
Arm1 = 75
ArmD1 = 14
Arm2 = 104
ArmD2 = 0
Arm3 = 0
ArmD3 = 0
Arm4 = 0
ArmD4 = 0
Arm5 = 104
ArmD5 = 0
Arm6 = 0
ArmD6 = 0
Arm7 = 0
ArmD7 = 0
Arm8 = 0
ArmD8 = 0
Arm9 = 0
ArmD9 = 0
Transferida = John_Houston
Arm10 = 104
ArmD10 = 0
Arm11 = 104
ArmD11 = 0
ObjData_12 = 1808|324.361|1459.327|1083.364|0.000|0.000|0.000
ObjData_13 = 0|0.000|0.000|0.000|0.000|0.000|0.000
ObjData_14 = 19384|325.774|1463.310|1085.110|0.000|0.000|0.000
ObjData_15 = 2086|321.894|1464.359|1083.807|0.000|0.000|0.000
