[data]
Nombre = Litcan
Dueño = Lorenzo_Burga
Contraseña = 33882321
Dinero = 0
Precio = 40000
VirtualWorld = 394
Interior = 15
Comprada = true
Cerrada = false
Entrada_x = 2562.112792
Entrada_y = -1034.310302
Entrada_z = 69.869216
Salida_x = 326.308105
Salida_y = 1456.211425
Salida_z = 1084.595947
Familia = 0
Contraseña_puerta = 4321
Arm0 = 103
ArmD0 = 0
ObjData_0 = 2524|330.709|1460.303|1083.438|-2.700|2.998|-179.898
ObjData_1 = 2779|330.049|1455.354|1083.427|0.000|0.000|144.700
ObjData_2 = 19354|319.293|1460.320|1085.183|0.000|0.000|90.299
ObjData_3 = 19354|320.210|1460.392|1085.172|0.300|-0.399|-90.299
ObjData_4 = 2298|320.188|1464.376|1083.415|0.000|0.000|0.000
ObjData_5 = 1723|0.000|0.000|0.000|0.000|0.000|-179.899
ObjData_6 = 1502|322.126|1460.344|1083.410|0.000|0.000|0.000
ObjData_7 = 1828|332.540|1457.474|1083.418|0.000|0.000|0.000
ObjData_8 = 2526|329.831|1463.317|1083.449|0.000|0.000|0.000
ObjData_9 = 2356|319.253|1457.533|1083.474|0.000|0.000|90.299
ObjData_10 = 19385|322.898|1460.336|1085.168|0.000|0.000|-90.699
ObjData_11 = 1502|325.795|1462.530|1083.437|0.000|0.000|91.199
ObjData_12 = 2525|332.765|1461.726|1083.470|0.000|0.000|-85.900
ObjData_13 = 2161|321.654|1455.505|1083.438|0.000|0.000|179.300
ObjData_14 = 1502|0.000|0.000|0.000|0.000|0.000|88.799
ObjData_15 = 2149|324.089|1459.861|1084.708|0.000|0.000|0.000
ObjData_16 = 1839|327.419|1464.134|1084.279|0.000|0.000|90.399
ObjData_17 = 1817|334.290|1457.485|1083.417|0.000|0.000|-88.599
Arm1 = 67
ArmD1 = 0
Arm2 = 77
ArmD2 = 10
Arm3 = 101
ArmD3 = 0
Arm4 = 0
ArmD4 = 0
ObjData_18 = 2312|334.853|1457.042|1084.288|0.000|0.000|-89.599
ObjData_19 = 1840|326.905|1463.550|1084.439|0.000|0.000|89.099
ObjData_20 = 1840|327.991|1463.976|1084.329|0.000|0.000|90.299
ObjData_21 = 1723|331.538|1458.958|1083.408|0.000|0.000|0.000
ObjData_22 = 1724|333.059|1455.169|1083.358|0.000|0.000|179.699
ObjData_23 = 1502|0.000|0.000|0.000|0.000|0.000|-178.700
ObjData_24 = 19384|0.000|0.000|0.000|0.000|0.000|178.500
ObjData_25 = 19427|324.887|1460.323|1085.178|0.000|0.000|89.100
ObjData_26 = 19354|327.490|1464.765|1085.010|0.000|0.000|-88.200
ObjData_27 = 19354|330.882|1459.586|1085.119|0.000|0.000|91.100
ObjData_28 = 0|0.000|0.000|0.000|0.000|0.000|0.000
ObjData_29 = 2115|326.942|1464.305|1083.428|0.000|0.000|1.298
ObjData_30 = 19166|319.745|1459.478|1085.085|90.099|-110.299|110.699
ObjData_31 = 19400|317.639|1457.495|1085.009|0.000|0.000|0.000
ObjData_32 = 19354|333.703|1459.610|1085.109|0.000|0.000|89.700
ObjData_33 = 19427|0.000|0.000|0.000|0.000|0.000|89.900
ObjData_34 = 19427|0.000|0.000|0.000|0.000|0.000|-93.300
ObjData_35 = 19427|0.000|0.000|0.000|0.000|0.000|87.899
ObjData_36 = 19354|0.000|0.000|0.000|0.000|0.000|0.000
ObjData_37 = 19354|0.000|0.000|0.000|0.000|0.000|-90.000
ObjData_38 = 19354|0.000|0.000|0.000|0.000|0.000|89.799
ObjData_39 = 19427|0.000|0.000|0.000|0.000|0.000|0.000
ObjData_40 = 19427|0.000|0.000|0.000|0.000|0.000|3.499
ObjData_41 = 19354|0.000|0.000|0.000|0.000|0.000|0.000
ObjData_42 = 19354|0.000|0.000|0.000|0.000|0.000|0.000
ObjData_43 = 1760|318.341|1462.862|1083.439|0.000|0.000|90.100
ObjData_44 = 1760|321.251|1461.159|1083.420|0.000|0.000|177.999
ObjData_45 = 2165|318.202|1456.939|1083.538|0.000|0.000|92.799
ObjData_46 = 19354|0.000|0.000|0.000|0.000|0.000|0.000
ObjData_47 = 19354|0.000|0.000|0.000|0.000|0.000|0.000
Arm5 = 101
ArmD5 = 0
Arm6 = 101
ArmD6 = 0
Arm7 = 0
ArmD7 = 0
Arm8 = 101
ArmD8 = 0
Arm9 = 0
ArmD9 = 0
Arm10 = 73
ArmD10 = 0
Arm11 = 0
ArmD11 = 0
Transferida = Lorenzo_Burga
