[data]
Nombre = House Jaramillo
Dueño = Santiago_Jaramillo
Contraseña = 0
Dinero = 0
Precio = 80000
VirtualWorld = 395
Interior = 3
Comprada = true
Cerrada = false
Entrada_x = 2438.523193
Entrada_y = -1105.790893
Entrada_z = 43.081630
Salida_x = 2496.000000
Salida_y = -1692.079956
Salida_z = 1014.739990
Familia = 0
Contraseña_puerta = 1234
Arm0 = 68
ArmD0 = 44
Arm1 = 0
ArmD1 = 0
Arm2 = 0
ArmD2 = 0
Arm3 = 0
ArmD3 = 0
Arm4 = 0
ArmD4 = 0
Arm5 = 0
ArmD5 = 0
Arm6 = 0
ArmD6 = 0
Arm7 = 0
ArmD7 = 0
Arm8 = 0
ArmD8 = 0
Arm9 = 0
ArmD9 = 0
Arm10 = 0
ArmD10 = 0
Arm11 = 77
ArmD11 = 6
ObjData_0 = 2298|2492.781|-1700.934|1017.543|0.300|0.400|-91.299
ObjData_1 = 1828|2492.879|-1702.352|1017.343|0.000|0.000|-89.300
ObjData_2 = 1760|2490.902|-1701.220|1013.781|0.000|0.000|-0.399
ObjData_3 = 1755|2493.870|-1702.520|1013.735|0.500|1.399|-89.600
ObjData_4 = 1502|2495.336|-1705.006|1013.662|0.000|0.000|0.000
ObjData_5 = 19386|2496.079|-1704.944|1015.391|0.000|0.000|-88.499
ObjData_6 = 1723|2490.897|-1700.356|1017.433|0.000|0.000|0.000
ObjData_7 = 2112|0.000|0.000|0.000|0.000|0.000|86.598
ObjData_8 = 2120|2493.746|-1706.748|1014.421|0.499|0.000|1.298
ObjData_9 = 2120|2493.758|-1708.328|1014.401|0.000|0.000|4.899
ObjData_10 = 2141|2498.297|-1711.948|1013.702|0.000|0.000|-179.999
ObjData_11 = 2161|2490.439|-1705.166|1017.354|0.000|0.000|90.799
ObjData_12 = 2527|2491.003|-1695.305|1013.822|0.000|0.000|0.000
ObjData_13 = 2132|2500.288|-1711.935|1013.831|0.000|0.000|178.500
ObjData_14 = 2301|0.000|0.000|0.000|0.000|0.000|-83.600
ObjData_15 = 19172|2496.552|-1702.365|1019.253|1.399|0.199|-89.000
ObjData_16 = 19173|2494.765|-1699.842|1019.433|0.000|0.000|0.000
ObjData_17 = 1742|2496.682|-1704.723|1017.573|0.000|0.000|-88.999
ObjData_18 = 19400|0.000|0.000|0.000|0.000|0.000|0.000
ObjData_19 = 19400|0.000|0.000|0.000|0.000|0.000|-94.299
ObjData_20 = 19384|2491.778|-1696.634|1015.602|0.000|0.000|98.500
ObjData_21 = 2525|2492.266|-1694.207|1013.762|0.000|0.000|0.000
ObjData_22 = 1817|2491.492|-1703.435|1013.772|0.000|0.000|0.000
ObjData_23 = 1760|2492.957|-1704.558|1013.703|0.000|0.000|177.798
ObjData_24 = 1502|2490.982|-1696.605|1013.880|0.000|0.000|10.500
ObjData_25 = 2103|2490.555|-1704.961|1018.723|0.000|0.000|92.099
ObjData_26 = 1502|2491.641|-1706.017|1017.523|0.000|0.000|0.000
ObjData_27 = 2779|2498.290|-1705.531|1013.761|0.000|0.000|1.999
ObjData_28 = 2069|2496.714|-1700.111|1017.373|0.000|0.000|0.000
ObjData_29 = 2313|2490.881|-1703.081|1017.343|0.000|0.000|89.900
ObjData_30 = 2316|2490.519|-1702.474|1018.133|0.000|0.000|93.300
ObjData_31 = 2524|2492.496|-1694.206|1013.877|0.000|0.000|0.000
ObjData_32 = 2130|2500.656|-1706.576|1013.821|0.000|0.000|-89.900
ObjData_33 = 1649|0.000|0.000|0.000|0.000|0.000|-90.599
ObjData_34 = 1649|2487.910|-1699.892|1015.568|0.499|9.000|20.299
ObjData_35 = 19430|0.000|0.000|0.000|0.000|0.000|-88.199
ObjData_36 = 19354|2493.400|-1694.844|1015.472|0.000|0.000|0.000
ObjData_37 = 19317|2494.302|-1705.732|1018.930|2.699|-61.599|-173.399
ObjData_38 = 2069|2499.993|-1708.431|1017.406|0.000|0.000|0.000
ObjData_39 = 1840|2490.651|-1703.221|1017.863|0.000|0.000|-175.599
ObjData_40 = 1840|2490.702|-1701.729|1017.873|0.000|0.000|174.600
ObjData_41 = 19356|0.000|0.000|0.000|0.000|0.000|0.000
ObjData_42 = 19386|0.000|0.000|0.000|0.000|0.000|0.000
ObjData_43 = 1502|0.000|0.000|0.000|0.000|0.000|84.599
ObjData_44 = 19356|0.000|0.000|0.000|0.000|0.000|0.000
ObjData_45 = 19356|0.000|0.000|0.000|0.000|0.000|88.200
ObjData_46 = 19448|0.000|0.000|0.000|0.000|0.000|0.000
ObjData_47 = 19448|0.000|0.000|0.000|0.000|0.000|0.000
Transferida = Santiago_Jaramillo
