[data]
Nombre = peqeLOFF
Dueño = Rodrigo_Alan
Contraseña = 19726487
Dinero = 0
Precio = 70000
VirtualWorld = 396
Interior = 3
Comprada = true
Cerrada = true
Entrada_x = 2579.662109
Entrada_y = -1033.199951
Entrada_z = 69.579788
Salida_x = 2496.000000
Salida_y = -1692.079956
Salida_z = 1014.739990
Familia = 0
Contraseña_puerta = 6789
Arm0 = 73
ArmD0 = 55
ObjData_0 = 1726|2491.848|-1700.310|1013.695|0.000|0.000|93.799
ObjData_1 = 1727|2494.873|-1701.962|1013.700|0.000|0.000|-174.600
ObjData_2 = 1727|2493.308|-1696.653|1013.728|0.000|0.000|7.098
ObjData_3 = 19166|2496.624|-1702.678|1019.682|-90.000|93.899|-1.098
ObjData_4 = 1817|2493.539|-1698.640|1013.731|0.000|0.000|-85.299
ObjData_5 = 2069|2492.285|-1697.529|1013.849|0.000|0.000|0.000
ObjData_6 = 2313|2490.943|-1703.286|1017.343|0.000|0.000|90.597
ObjData_7 = 2313|0.000|0.000|0.000|0.000|0.000|0.000
ObjData_8 = 2779|2496.240|-1705.391|1017.359|0.000|-0.400|-92.500
ObjData_9 = 2161|2496.715|-1700.580|1018.933|0.000|0.000|-93.299
ObjData_10 = 1649|0.000|0.000|0.000|0.000|0.000|0.000
ObjData_11 = 1840|2490.953|-1704.571|1019.730|0.000|-13.899|-145.699
ObjData_12 = 1840|2490.833|-1700.279|1019.883|0.000|-13.100|144.099
ObjData_13 = 1840|2491.147|-1702.642|1017.913|0.000|16.900|179.800
ObjData_14 = 2028|2494.089|-1699.101|1014.272|0.000|0.000|4.000
ObjData_15 = 2079|2493.912|-1708.354|1014.402|0.000|0.000|0.000
ObjData_16 = 2079|2492.510|-1700.316|1017.983|0.000|0.000|88.299
ObjData_17 = 2079|2493.878|-1707.513|1014.372|0.000|0.000|0.000
ObjData_18 = 2079|2493.849|-1706.709|1014.382|0.000|0.000|0.000
ObjData_19 = 1808|2497.914|-1694.127|1013.772|-2.399|0.200|-42.700
ObjData_20 = 1742|2498.512|-1696.717|1013.724|-0.399|0.000|-88.699
ObjData_21 = 1724|2494.326|-1705.278|1017.283|0.000|0.000|-178.400
ObjData_22 = 1723|0.000|0.000|0.000|0.000|0.000|0.000
ObjData_23 = 1717|2490.895|-1695.123|1013.762|3.900|0.000|-5.799
ObjData_24 = 2779|2490.995|-1702.395|1013.752|0.000|0.000|89.099
ObjData_25 = 2964|2493.490|-1710.299|1013.721|0.000|0.000|0.000
ObjData_26 = 1502|2495.434|-1705.008|1013.752|0.000|0.000|0.000
ObjData_27 = 2161|2492.957|-1704.963|1014.949|0.799|0.400|179.800
ObjData_28 = 2086|0.000|0.000|0.000|0.000|0.000|0.000
ObjData_29 = 2627|0.000|0.000|0.000|0.000|0.000|0.000
ObjData_30 = 16779|2494.434|-1698.213|1017.012|0.000|0.000|0.000
ObjData_31 = 19173|2490.477|-1697.895|1015.697|0.000|0.000|89.199
ObjData_32 = 2130|0.000|0.000|0.000|0.000|0.000|0.000
ObjData_33 = 2128|2497.308|-1712.138|1013.751|0.000|0.000|177.099
ObjData_34 = 2127|2496.321|-1712.375|1013.551|0.000|0.000|177.800
ObjData_35 = 2129|0.000|0.000|0.000|0.000|0.000|0.000
ObjData_36 = 2527|0.000|0.000|0.000|0.000|0.000|0.000
ObjData_37 = 2294|0.000|0.000|0.000|0.000|0.000|0.000
ObjData_38 = 2128|0.000|0.000|0.000|0.000|0.000|0.000
ObjData_39 = 2167|0.000|0.000|0.000|0.000|0.000|0.000
ObjData_40 = 2524|0.000|0.000|0.000|0.000|0.000|0.000
ObjData_41 = 2525|0.000|0.000|0.000|0.000|0.000|0.000
ObjData_42 = 1409|0.000|0.000|0.000|0.000|0.000|0.000
ObjData_43 = 19384|2496.201|-1705.008|1015.450|0.000|0.000|-88.800
ObjData_44 = 19354|0.000|0.000|0.000|0.000|0.000|0.000
ObjData_45 = 19427|0.000|0.000|0.000|0.000|0.000|0.000
ObjData_46 = 19427|0.000|0.000|0.000|0.000|0.000|0.000
Arm1 = 4
ArmD1 = 0
Arm2 = 13
ArmD2 = 4
Arm4 = 5
ArmD4 = 8
Arm5 = 33
ArmD5 = 0
Arm3 = 5
ArmD3 = 1
Arm6 = 4
ArmD6 = 7
Arm7 = 114
ArmD7 = 99
Arm8 = 8
ArmD8 = 30
Arm9 = 18
ArmD9 = 1
Arm10 = 27
ArmD10 = 0
Arm11 = 0
ArmD11 = 0
Transferida = 
