[data]
Nombre = Mansion Lion 2
Dueño = Edison_Leon
Contraseña = 34472145
Dinero = 0
Precio = 80000
VirtualWorld = 398
Interior = 3
Comprada = true
Cerrada = true
Entrada_x = 2373.943359
Entrada_y = -1138.919921
Entrada_z = 29.058792
Salida_x = 2496.000000
Salida_y = -1692.079956
Salida_z = 1014.739990
Familia = 0
Contraseña_puerta = 1256
Arm0 = 0
ArmD0 = 0
ObjData_0 = 1502|2494.872|-1705.334|1013.731|0.000|0.000|0.000
ObjData_1 = 1705|2492.251|-1695.242|1013.741|0.000|0.000|0.100
ObjData_2 = 1502|2491.621|-1706.142|1017.456|0.000|0.000|0.000
ObjData_3 = 1502|2491.347|-1701.971|1013.732|0.099|0.000|5.000
ObjData_4 = 1502|0.000|0.000|0.000|0.000|0.000|0.000
ObjData_5 = 1702|2491.607|-1697.885|1013.781|0.000|0.000|93.999
ObjData_6 = 1808|2491.035|-1694.122|1013.761|0.000|0.000|90.399
ObjData_7 = 1649|2498.349|-1696.942|1015.563|0.000|0.000|-89.699
ObjData_8 = 2964|0.000|0.000|0.000|0.000|0.000|0.000
ObjData_9 = 19166|2496.685|-1702.444|1019.344|90.300|-72.599|-17.299
ObjData_10 = 1828|2492.148|-1703.100|1017.353|0.000|0.000|-85.199
ObjData_11 = 1649|2498.559|-1705.106|1014.592|0.000|0.000|-176.700
ObjData_12 = 16779|2494.705|-1699.604|1017.312|0.000|0.000|0.000
ObjData_13 = 2135|0.000|0.000|0.000|0.000|0.000|0.000
ObjData_14 = 2136|0.000|0.000|0.000|0.000|0.000|0.000
ObjData_15 = 2137|0.000|0.000|0.000|0.000|0.000|0.000
ObjData_16 = 2139|0.000|0.000|0.000|0.000|0.000|0.000
ObjData_17 = 2140|0.000|0.000|0.000|0.000|0.000|0.000
ObjData_18 = 1840|2490.486|-1693.788|1016.682|0.000|0.000|127.200
ObjData_19 = 1840|2490.525|-1704.726|1016.747|0.000|0.000|-134.300
ObjData_20 = 1840|2498.304|-1693.877|1016.672|0.000|0.000|43.599
ObjData_21 = 1840|2496.673|-1705.766|1020.544|0.000|0.000|-48.199
ObjData_22 = 1840|2496.604|-1699.928|1020.584|0.000|0.000|38.299
ObjData_23 = 2525|2490.941|-1704.394|1013.743|0.099|0.000|92.900
ObjData_24 = 2524|2491.002|-1703.975|1013.772|0.000|0.000|92.800
ObjData_25 = 2527|2492.501|-1705.345|1013.771|0.000|0.000|0.000
ObjData_26 = 2301|0.000|0.000|0.000|0.000|0.000|0.000
ObjData_27 = 19384|2492.129|-1701.870|1015.496|0.000|0.000|95.100
ObjData_28 = 19354|2493.678|-1703.323|1015.482|0.000|0.000|0.000
ObjData_29 = 1742|2496.140|-1705.878|1017.361|0.000|0.000|179.799
ObjData_30 = 2069|2496.258|-1703.670|1017.413|0.000|0.000|0.000
ObjData_31 = 2069|2496.173|-1701.033|1017.423|0.000|0.000|0.000
ObjData_32 = 1705|2493.489|-1698.440|1013.710|0.000|0.000|-177.900
ObjData_33 = 2316|2491.078|-1702.619|1018.511|0.000|-2.000|89.999
ObjData_34 = 0|0.000|0.000|0.000|0.000|0.000|0.000
ObjData_35 = 2115|2491.143|-1703.088|1017.353|0.000|0.000|89.899
ObjData_36 = 1840|2498.262|-1699.345|1016.602|0.000|0.000|0.000
ObjData_37 = 1840|0.000|0.000|0.000|0.000|0.000|0.000
Arm1 = 0
ArmD1 = 0
Arm2 = 0
ArmD2 = 0
Arm3 = 0
ArmD3 = 0
Arm4 = 0
ArmD4 = 0
Arm5 = 0
ArmD5 = 0
Arm6 = 0
ArmD6 = 0
Arm7 = 0
ArmD7 = 0
Arm8 = 0
ArmD8 = 0
Arm9 = 0
ArmD9 = 0
Transferida = 
