[data]
Nombre = 'CorderoHouse'
Dueño = Pastor_Cordero
Contraseña = 0
Dinero = 0
Precio = 125000
VirtualWorld = 103
Interior = 15
Comprada = true
Cerrada = true
Entrada_x = 2192.365966
Entrada_y = -1815.214477
Entrada_z = 13.546875
Salida_x = 326.308105
Salida_y = 1456.211425
Salida_z = 1084.595947
Familia = 0
Contraseña_puerta = 2630
Arm0 = 0
ArmD0 = 0
ObjData_0 = 2525|332.797|1463.188|1083.450|0.000|0.000|-91.200
ObjData_1 = 2524|331.318|1460.167|1083.441|0.000|0.000|175.099
ObjData_2 = 2527|329.714|1462.266|1083.400|0.000|0.000|0.000
ObjData_3 = 2298|328.903|1468.647|1083.417|0.000|0.000|-90.099
ObjData_4 = 2294|318.153|1457.827|1083.270|0.000|-0.499|90.298
ObjData_5 = 2129|318.255|1456.312|1083.297|0.000|0.000|-177.200
ObjData_6 = 2130|318.233|1458.582|1083.288|0.000|0.000|-0.501
ObjData_7 = 1817|321.683|1463.433|1083.429|0.000|0.000|89.799
ObjData_8 = 1208|329.635|1459.992|1083.440|0.000|0.000|0.000
ObjData_9 = 2115|332.086|1457.195|1083.389|0.000|0.000|0.000
ObjData_10 = 2069|332.658|1465.194|1083.506|0.000|0.000|0.000
ObjData_11 = 1502|331.509|1459.727|1083.450|0.000|0.000|3.299
ObjData_12 = 1502|329.300|1460.972|1083.469|0.000|0.000|92.899
ObjData_13 = 1502|327.083|1464.751|1083.429|0.000|0.000|0.000
ObjData_14 = 1502|324.819|1456.750|1083.426|0.000|0.000|90.399
ObjData_15 = 2120|332.971|1458.277|1084.049|0.000|0.000|84.199
ObjData_16 = 2120|332.126|1458.265|1084.059|0.000|0.000|85.799
ObjData_17 = 2120|333.029|1456.275|1084.009|0.000|0.000|-92.999
ObjData_18 = 2120|332.124|1456.286|1084.009|0.000|0.000|-88.899
ObjData_19 = 2149|317.914|1456.822|1084.449|0.000|0.000|91.099
ObjData_20 = 1702|323.724|1466.182|1083.358|0.000|0.000|-90.200
ObjData_21 = 1705|320.574|1466.801|1083.343|0.000|0.000|0.000
ObjData_22 = 1705|321.655|1461.428|1083.407|0.000|0.000|177.800
ObjData_23 = 1808|324.584|1456.265|1083.423|0.000|0.000|-90.198
ObjData_24 = 19387|316.106|1460.554|1085.151|0.000|0.000|91.999
ObjData_25 = 1649|317.714|1464.004|1084.706|0.000|0.000|90.299
ObjData_26 = 1840|317.600|1466.382|1085.901|0.000|0.000|178.800
ObjData_27 = 1840|317.572|1461.593|1085.891|0.000|0.000|-175.199
ObjData_28 = 1717|326.522|1466.427|1083.389|0.000|0.000|48.300
ObjData_29 = 1702|323.724|1464.101|1083.358|0.000|0.000|-90.300
Arm1 = 0
ArmD1 = 0
ObjData_30 = 19385|326.373|1455.358|1085.230|0.000|0.000|89.599
ObjData_31 = 19385|324.757|1457.485|1085.199|0.000|0.000|0.000
ObjData_32 = 19428|325.056|1460.258|1085.100|0.000|0.000|-89.500
ObjData_33 = 19447|317.648|1454.729|1085.200|0.000|0.000|0.000
ObjData_34 = 19447|319.900|1459.195|1084.760|0.000|0.000|-90.099
ObjData_35 = 19447|319.934|1455.757|1084.759|0.000|0.000|90.700
ObjData_36 = 19385|329.189|1457.618|1085.200|0.000|0.000|0.000
ObjData_37 = 19385|325.786|1463.286|1085.190|0.000|0.000|0.000
ObjData_38 = 19385|327.866|1464.805|1085.149|0.000|0.000|89.999
ObjData_39 = 19385|329.195|1461.695|1085.200|0.000|0.000|0.000
ObjData_40 = 19428|328.580|1455.655|1084.790|0.000|0.000|117.200
ObjData_41 = 19428|324.749|1455.159|1084.770|0.000|0.000|0.000
ObjData_42 = 19428|324.757|1459.533|1084.760|0.000|0.000|0.000
ObjData_43 = 19428|325.780|1460.982|1085.100|0.000|0.000|0.000
ObjData_44 = 19428|329.199|1459.426|1085.180|0.000|0.000|-0.299
ObjData_45 = 19428|326.521|1464.532|1085.059|-0.099|0.000|-61.699
ObjData_46 = 19428|329.193|1464.078|1084.750|0.000|0.000|-179.400
Arm2 = 0
ArmD2 = 0
Arm3 = 0
ArmD3 = 0
Arm4 = 0
ArmD4 = 0
Arm5 = 0
ArmD5 = 0
Arm6 = 0
ArmD6 = 0
Arm7 = 0
ArmD7 = 0
Transferida = Pastor_Cordero
