[data]
Nombre = Dark Home
Dueño = Thomas_Cunningham
Contraseña = 33685707
Dinero = 0
Precio = 40000
VirtualWorld = 401
Interior = 15
Comprada = true
Cerrada = true
Entrada_x = 2488.043212
Entrada_y = -1135.236083
Entrada_z = 39.585937
Salida_x = 326.308105
Salida_y = 1456.211425
Salida_z = 1084.595947
Familia = 0
Contraseña_puerta = 6475
Arm0 = 0
ArmD0 = 0
ObjData_0 = 2141|0.000|0.000|0.000|0.000|0.000|-87.299
ObjData_1 = 16779|0.000|0.000|0.000|0.000|0.000|0.000
ObjData_2 = 2112|0.000|0.000|0.000|0.000|0.000|0.000
ObjData_3 = 2120|0.000|0.000|0.000|0.000|0.000|0.000
ObjData_4 = 2132|0.000|0.000|0.000|0.000|0.000|0.000
ObjData_5 = 2161|0.000|0.000|0.000|1.200|0.000|-88.299
ObjData_6 = 2524|0.000|0.000|0.000|0.000|0.000|0.000
ObjData_7 = 2313|319.117|1461.037|1083.776|0.000|0.000|0.000
ObjData_8 = 2525|0.000|0.000|0.000|0.000|0.000|0.000
ObjData_9 = 2149|0.000|0.000|0.000|0.000|-0.598|2.200
ObjData_10 = 2298|0.000|0.000|0.000|0.000|0.000|0.000
ObjData_11 = 1502|325.530|1455.322|1083.390|0.000|0.000|0.000
ObjData_12 = 2316|319.962|1460.988|1084.637|0.000|0.000|-178.800
ObjData_13 = 19172|317.749|1464.252|1085.504|-0.099|1.499|91.299
ObjData_14 = 1723|320.181|1467.829|1083.439|0.000|0.000|0.000
ObjData_15 = 2165|0.000|0.000|0.000|0.000|0.000|0.000
ObjData_16 = 2356|0.000|0.000|0.000|0.000|0.000|0.000
ObjData_17 = 2527|0.000|0.000|0.000|0.299|-2.098|-178.500
ObjData_18 = 1502|329.214|1458.409|1083.422|-0.499|-0.199|-90.300
ObjData_19 = 1502|325.684|1464.074|1083.549|0.000|0.000|-88.899
ObjData_20 = 1502|324.887|1456.751|1083.439|0.000|-0.499|92.400
ObjData_21 = 2294|0.000|0.000|0.000|0.000|0.400|-95.800
ObjData_22 = 1735|323.749|1467.430|1083.569|0.000|0.000|0.000
ObjData_23 = 2130|0.000|0.000|0.000|0.000|0.000|0.000
ObjData_24 = 1744|0.000|0.000|0.000|0.000|0.000|84.299
ObjData_25 = 1208|0.000|0.000|0.000|-1.000|0.000|-3.099
ObjData_26 = 1808|0.000|0.000|0.000|0.000|0.000|-88.097
ObjData_27 = 2028|0.000|0.000|0.000|0.000|0.000|0.000
ObjData_28 = 1828|320.660|1463.977|1083.446|0.000|0.000|0.000
ObjData_29 = 1409|0.000|0.000|0.000|0.000|0.000|-89.500
ObjData_30 = 2779|0.000|0.000|0.000|0.000|0.000|0.000
ObjData_31 = 2135|0.000|0.000|0.000|2.500|-0.500|92.300
ObjData_32 = 19173|0.000|0.000|0.000|0.000|0.000|0.000
ObjData_33 = 2115|0.000|0.000|0.000|0.000|0.000|0.000
ObjData_34 = 1717|0.000|0.000|0.000|0.000|0.000|0.000
ObjData_35 = 1817|0.000|0.000|0.000|0.000|0.000|0.000
ObjData_36 = 2167|0.000|0.000|0.000|0.000|0.000|-87.199
ObjData_37 = 2120|0.000|0.000|0.000|-3.098|-1.598|-85.599
ObjData_38 = 2120|0.000|0.000|0.000|0.000|0.000|92.500
ObjData_39 = 2120|0.000|0.000|0.000|0.000|0.000|0.000
ObjData_40 = 2120|0.000|0.000|0.000|0.000|0.000|-179.098
ObjData_41 = 2120|0.000|0.000|0.000|0.000|0.000|93.098
ObjData_42 = 2121|0.000|0.000|0.000|4.698|-5.300|-174.399
ObjData_43 = 2069|0.000|0.000|0.000|0.000|0.000|0.000
ObjData_44 = 16779|0.000|0.000|0.000|0.000|0.000|0.000
ObjData_45 = 16779|0.000|0.000|0.000|0.000|0.000|0.000
ObjData_46 = 16779|0.000|0.000|0.000|0.000|0.000|0.000
ObjData_47 = 19386|326.289|1455.424|1085.175|-0.400|-1.700|-87.999
ObjData_48 = 19429|0.000|0.000|0.000|-89.700|0.299|-93.499
ObjData_49 = 2103|0.000|0.000|0.000|0.000|0.000|-84.899
Arm1 = 0
ArmD1 = 0
Arm2 = 0
ArmD2 = 0
Arm3 = 0
ArmD3 = 0
Arm4 = 0
ArmD4 = 0
Arm5 = 0
ArmD5 = 0
ObjData_50 = 2526|0.000|0.000|0.000|0.000|0.000|0.000
Arm6 = 0
ArmD6 = 0
Arm7 = 0
ArmD7 = 0
Arm8 = 0
ArmD8 = 0
Arm9 = 0
ArmD9 = 0
ObjData_51 = 1760|0.000|0.000|0.000|0.000|0.000|0.000
Arm10 = 0
ArmD10 = 0
Arm11 = 0
ArmD11 = 0
Transferida = 
