[data]
Nombre = Oggy's House
Dueño = Bruce_Marshall
Contraseña = 73335159
Dinero = 0
Precio = 90000
VirtualWorld = 404
Interior = 8
Comprada = true
Cerrada = true
Entrada_x = 2469.176269
Entrada_y = -1278.391845
Entrada_z = 30.366352
Salida_x = 2365.263916
Salida_y = -1134.603637
Salida_z = 1050.672363
Familia = 0
Contraseña_puerta = 1452
Arm0 = 73
ArmD0 = 98
Arm1 = 0
ArmD1 = 0
Arm2 = 0
ArmD2 = 0
Arm3 = 0
ArmD3 = 0
Arm4 = 0
ArmD4 = 0
Arm5 = 0
ArmD5 = 0
Arm6 = 0
ArmD6 = 0
Arm8 = 0
ArmD8 = 0
Arm7 = 0
ArmD7 = 0
Arm9 = 0
ArmD9 = 0
ObjData_0 = 0|0.000|0.000|0.000|0.000|0.000|0.000
ObjData_1 = 19355|0.000|0.000|0.000|0.000|0.000|0.000
ObjData_2 = 2165|2361.560|-1119.807|1049.825|0.000|0.000|0.000
ObjData_3 = 2356|2362.282|-1120.916|1049.875|0.000|0.000|0.000
ObjData_4 = 2115|2370.313|-1133.787|1049.846|0.000|0.000|-90.399
ObjData_5 = 2079|2371.687|-1134.144|1050.494|0.000|0.000|0.000
ObjData_6 = 2079|2368.898|-1133.992|1050.505|0.000|0.000|178.999
ObjData_7 = 2167|2357.323|-1132.252|1049.854|0.000|0.000|88.200
ObjData_8 = 2141|2374.563|-1130.495|1049.814|0.000|0.000|-91.699
ObjData_9 = 2132|2374.600|-1132.571|1049.777|0.000|-0.800|-90.699
ObjData_10 = 2313|2369.689|-1123.991|1049.855|0.000|0.000|89.599
ObjData_11 = 2161|2369.080|-1122.471|1050.905|0.000|0.000|-88.899
ObjData_12 = 2149|2374.671|-1131.511|1050.915|0.000|0.000|-63.500
ObjData_13 = 2069|2368.787|-1124.958|1049.924|0.000|0.000|0.000
ObjData_14 = 2103|2369.389|-1123.217|1051.465|0.000|0.000|90.700
ObjData_15 = 2316|2369.533|-1123.274|1050.694|0.000|0.000|90.300
ObjData_16 = 2299|2364.540|-1124.320|1049.823|0.000|0.000|89.599
ObjData_17 = 2526|2358.999|-1135.432|1049.854|0.000|0.000|-179.799
ObjData_18 = 2627|2368.217|-1120.416|1049.844|0.000|0.000|0.000
ObjData_19 = 2524|2360.811|-1130.272|1049.835|0.000|0.000|0.000
ObjData_20 = 2525|2358.562|-1130.280|1049.871|0.000|0.000|0.000
ObjData_21 = 1208|2362.510|-1135.703|1049.854|0.000|0.000|0.000
ObjData_22 = 1840|2369.600|-1123.911|1050.354|0.000|0.000|-179.699
ObjData_23 = 1753|2372.600|-1121.253|1049.793|0.000|0.000|-0.100
ObjData_24 = 1817|2372.919|-1123.280|1049.864|0.000|0.000|-88.697
ObjData_25 = 1753|2375.621|-1122.484|1049.864|0.000|0.000|-89.598
ObjData_26 = 1744|2369.086|-1123.727|1051.135|0.000|0.000|89.699
ObjData_27 = 16779|2370.635|-1132.767|1053.976|0.000|0.000|0.000
ObjData_28 = 0|0.000|0.000|0.000|0.000|0.000|0.000
ObjData_29 = 2137|2374.554|-1131.504|1049.753|0.000|0.000|-90.199
ObjData_30 = 2135|2374.525|-1135.426|1049.824|0.000|0.000|-90.100
ObjData_31 = 1409|2374.602|-1134.472|1049.644|0.000|0.000|-88.000
ObjData_32 = 1808|0.000|0.000|0.000|0.000|0.000|88.599
ObjData_33 = 19172|2376.167|-1122.095|1051.944|0.000|0.000|-90.099
ObjData_34 = 1840|2369.634|-1122.605|1050.354|0.000|0.000|178.699
ObjData_35 = 1839|2362.767|-1119.397|1050.614|0.000|0.000|90.099
ObjData_36 = 1742|2373.656|-1129.566|1049.844|0.000|0.000|179.899
ObjData_37 = 2779|2375.653|-1128.397|1049.834|0.000|0.000|-88.799
ObjData_38 = 1502|2363.240|-1131.035|1049.902|0.000|0.000|-89.399
ObjData_39 = 19173|2370.588|-1120.449|1052.125|0.000|0.000|0.000
ObjData_40 = 1808|0.000|0.000|0.000|0.000|0.000|0.000
ObjData_41 = 1828|2360.690|-1132.802|1049.851|0.000|0.000|0.000
ObjData_42 = 1840|2367.039|-1125.329|1052.424|0.000|-29.200|90.500
Transferida = Bruce_Marshall
