[data]
Nombre = residencia [aguilera]
Dueño = Felipe_Aguilera
Contraseña = 252838744
Dinero = 0
Precio = 120000
VirtualWorld = 407
Interior = 3
Comprada = true
Cerrada = false
Entrada_x = 2434.802490
Entrada_y = -1289.288208
Entrada_z = 25.347854
Salida_x = 2496.000000
Salida_y = -1692.079956
Salida_z = 1014.739990
Familia = 0
Contraseña_puerta = 1234
Arm0 = 76
ArmD0 = 30
Arm1 = 3
ArmD1 = 0
Arm2 = 4
ArmD2 = 0
Arm4 = 0
ArmD4 = 0
Arm3 = 0
ArmD3 = 0
ObjData_0 = 2103|2492.873|-1699.983|1014.271|0.000|0.000|171.300
ObjData_1 = 1765|2494.732|-1699.215|1013.742|0.000|0.000|-65.800
ObjData_2 = 19427|0.000|0.000|0.000|0.000|0.000|0.000
ObjData_3 = 1764|2490.642|-1697.749|1013.814|-0.300|0.000|4.800
ObjData_4 = 1764|2492.401|-1697.389|1013.752|0.000|0.000|0.000
ObjData_5 = 1764|2490.794|-1700.951|1013.761|0.000|0.000|89.000
ObjData_6 = 1817|2492.390|-1700.369|1013.752|0.000|0.000|0.000
ObjData_7 = 2312|2492.763|-1704.442|1014.626|0.000|0.000|-176.200
ObjData_8 = 2313|2492.003|-1704.541|1013.762|0.000|0.000|0.000
ObjData_9 = 19427|2493.642|-1696.839|1015.501|0.000|0.000|93.699
ObjData_10 = 2161|2498.362|-1698.753|1013.743|0.000|0.000|-93.199
ObjData_11 = 1502|2494.924|-1705.100|1013.742|0.000|0.000|90.000
ObjData_12 = 19354|2498.038|-1705.083|1014.742|0.000|0.000|90.099
ObjData_13 = 19384|2494.364|-1695.295|1015.477|0.000|0.000|0.000
ObjData_14 = 1502|2494.365|-1696.036|1013.692|0.000|0.000|86.900
ObjData_15 = 2069|0.000|0.000|0.000|0.000|0.000|-53.098
ObjData_16 = 2069|0.000|0.000|0.000|0.000|0.000|0.000
ObjData_17 = 2120|2493.252|-1709.871|1014.392|0.000|0.000|-91.800
ObjData_18 = 2120|2494.934|-1707.205|1014.372|0.000|0.000|0.000
ObjData_19 = 2120|2494.600|-1708.445|1014.362|0.000|0.000|0.000
ObjData_20 = 1409|2497.368|-1712.164|1013.842|0.000|0.000|0.000
ObjData_21 = 2298|0.000|0.000|0.000|-0.199|0.000|-89.799
ObjData_22 = 2527|2491.028|-1695.324|1013.781|0.000|0.000|0.000
ObjData_23 = 2524|2492.483|-1694.267|1013.741|0.000|0.000|0.000
ObjData_24 = 2525|2491.012|-1696.246|1013.761|0.000|0.000|94.099
ObjData_25 = 16779|2492.361|-1702.546|1021.081|0.000|0.000|0.000
ObjData_26 = 1738|2497.509|-1704.650|1014.742|0.000|0.000|0.000
ObjData_27 = 2167|2490.913|-1704.953|1013.771|0.000|0.000|-175.300
ObjData_28 = 1744|2498.611|-1694.371|1014.691|0.000|-1.000|-88.700
ObjData_29 = 19400|0.000|0.000|0.000|0.000|0.000|0.000
ObjData_30 = 19384|0.000|0.000|0.000|0.000|0.000|0.000
ObjData_31 = 16779|2494.226|-1699.675|1017.302|0.000|0.000|0.000
ObjData_32 = 1649|0.000|0.000|0.000|0.000|0.000|-0.499
ObjData_33 = 19354|2492.013|-1696.956|1015.494|0.000|0.000|94.099
ObjData_34 = 1502|0.000|0.000|0.000|0.000|0.000|3.500
ObjData_35 = 1649|0.000|0.000|0.000|0.000|0.000|0.000
Arm5 = 76
ArmD5 = 12
Arm6 = 0
ArmD6 = 0
Arm7 = 0
ArmD7 = 0
Arm8 = 0
ArmD8 = 0
Arm9 = 0
ArmD9 = 0
Arm10 = 0
ArmD10 = 0
ObjData_36 = 2165|2498.051|-1696.679|1013.712|0.000|0.000|-90.899
ObjData_37 = 2120|2493.321|-1705.630|1014.382|0.000|0.000|90.499
ObjData_38 = 19173|2496.724|-1702.263|1019.123|0.000|0.000|-90.100
Transferida = 
