[data]
Nombre = En venta tlf-375273-
Dueño = Rafa_Casanova
Contraseña = 0
Dinero = 0
Precio = 120000
VirtualWorld = 408
Interior = 3
Comprada = true
Cerrada = false
Entrada_x = 2433.933105
Entrada_y = -1303.353637
Entrada_z = 25.323432
Salida_x = 2496.000000
Salida_y = -1692.079956
Salida_z = 1014.739990
Familia = 0
Contraseña_puerta = 1234
Arm0 = 0
ArmD0 = 0
ObjData_0 = 2779|2497.608|-1704.438|1013.701|0.000|0.000|179.999
ObjData_1 = 2964|2491.625|-1704.301|1013.723|0.000|0.000|0.000
ObjData_2 = 19166|2490.471|-1697.754|1015.772|89.699|92.800|-0.799
ObjData_3 = 19317|2496.688|-1702.761|1019.494|0.000|-38.100|-88.499
ObjData_4 = 1828|2492.579|-1703.236|1017.323|0.000|0.000|0.000
ObjData_5 = 1727|2493.431|-1696.880|1013.710|0.000|0.000|6.797
ObjData_6 = 1726|2495.514|-1701.120|1013.873|0.799|0.000|-175.798
ObjData_7 = 2525|2490.316|-1708.162|1017.366|0.000|0.000|178.000
ObjData_8 = 2524|2490.170|-1706.711|1017.317|0.000|0.000|0.000
ObjData_9 = 1723|2492.345|-1699.817|1013.742|0.000|0.000|93.597
ObjData_10 = 1649|0.000|0.000|0.000|0.000|0.000|92.600
ObjData_11 = 2069|2496.411|-1705.527|1017.403|0.000|0.000|0.000
ObjData_12 = 0|0.000|0.000|0.000|0.000|0.000|0.000
ObjData_13 = 2120|2494.691|-1708.421|1014.421|0.000|0.000|2.398
ObjData_14 = 2120|2493.131|-1709.417|1014.425|-0.599|0.200|-92.900
Transferida = 
Arm1 = 0
ArmD1 = 0
