[data]
Nombre = East Los Santos N12
Dueño = Yeyson_Lopez
Contraseña = 153813464
Dinero = 0
Precio = 80000
VirtualWorld = 409
Interior = 3
Comprada = true
Cerrada = true
Entrada_x = 2433.932861
Entrada_y = -1320.713989
Entrada_z = 25.323432
Salida_x = 2496.000000
Salida_y = -1692.079956
Salida_z = 1014.739990
Familia = 0
Contraseña_puerta = 7185
Arm0 = 73
ArmD0 = 109
ObjData_0 = 2779|2498.016|-1698.633|1013.721|0.000|0.000|-90.699
ObjData_1 = 2149|2501.079|-1706.950|1015.002|0.000|0.000|-90.199
ObjData_2 = 19317|2490.102|-1707.488|1019.886|0.000|-60.400|88.399
ObjData_3 = 1828|2492.782|-1702.235|1017.323|0.000|0.000|89.400
ObjData_4 = 1840|2498.419|-1693.717|1016.693|0.000|0.000|48.599
ObjData_5 = 1726|2497.933|-1694.028|1013.752|0.000|0.000|-91.000
ObjData_6 = 0|0.000|0.000|0.000|0.000|0.000|0.000
ObjData_7 = 2167|2490.451|-1705.316|1017.325|0.000|0.000|88.000
ObjData_8 = 0|0.000|0.000|0.000|0.000|0.000|0.000
ObjData_9 = 1764|2490.966|-1697.563|1013.781|0.000|0.000|90.699
ObjData_10 = 1764|2493.773|-1698.197|1013.658|-1.299|0.000|-177.000
ObjData_11 = 1817|2492.350|-1696.655|1013.744|0.000|0.000|0.000
ObjData_12 = 1828|2492.616|-1695.886|1013.745|0.299|-0.199|-179.799
ObjData_13 = 1840|2490.507|-1693.742|1016.702|0.000|0.000|136.399
ObjData_14 = 2313|2492.002|-1694.124|1013.732|0.000|0.000|0.000
ObjData_15 = 2103|2494.525|-1692.727|1015.781|0.000|0.000|87.999
ObjData_16 = 1208|2500.199|-1712.102|1013.881|0.000|0.000|90.500
ObjData_17 = 2312|2492.701|-1694.045|1014.602|0.000|0.000|0.000
ObjData_18 = 19172|2490.425|-1695.913|1015.702|0.000|0.000|90.400
ObjData_19 = 1409|2492.367|-1712.305|1013.861|0.000|0.000|0.000
ObjData_20 = 1744|2494.204|-1693.195|1015.442|0.000|0.000|89.999
ObjData_21 = 1742|2498.275|-1703.971|1013.762|0.000|0.000|-90.200
ObjData_22 = 2964|2492.836|-1702.700|1013.728|0.000|0.000|0.000
ObjData_23 = 2298|2492.927|-1700.953|1017.243|0.000|0.000|-90.600
ObjData_24 = 2167|2490.438|-1700.268|1017.312|0.000|0.000|90.100
ObjData_25 = 2165|2495.887|-1705.315|1017.353|0.000|0.000|-177.600
ObjData_26 = 2356|2495.292|-1704.547|1017.343|0.000|0.000|150.798
ObjData_27 = 2120|2494.200|-1708.168|1014.392|0.000|0.000|0.000
ObjData_28 = 2120|2494.211|-1707.054|1014.362|0.000|0.000|0.000
ObjData_29 = 2120|2492.427|-1708.272|1014.342|0.000|0.000|-175.199
ObjData_30 = 2120|2492.543|-1707.122|1014.311|0.000|0.000|170.600
ObjData_31 = 2069|2497.223|-1692.186|1013.782|0.000|0.000|0.000
ObjData_32 = 19166|2500.408|-1700.905|1016.891|0.400|-89.999|-0.199
ObjData_33 = 19173|2492.574|-1704.966|1015.803|0.000|0.000|-179.599
ObjData_34 = 1839|2498.039|-1697.206|1014.572|0.000|0.000|0.000
ObjData_35 = 2028|2493.506|-1694.165|1014.320|0.000|0.000|0.000
ObjData_36 = 2313|2490.809|-1703.567|1017.353|0.000|0.000|88.399
ObjData_37 = 1208|2499.914|-1712.108|1013.892|0.000|0.000|88.900
ObjData_38 = 16779|2492.957|-1699.758|1017.352|0.000|0.000|0.000
ObjData_39 = 1840|2490.605|-1705.349|1018.843|0.000|0.000|177.899
ObjData_40 = 1840|2490.572|-1700.282|1018.824|0.000|0.000|-179.199
Arm1 = 0
ArmD1 = 0
Arm2 = 0
ArmD2 = 0
Arm3 = 0
ArmD3 = 0
Arm4 = 0
ArmD4 = 0
Arm5 = 0
ArmD5 = 0
Arm6 = 0
ArmD6 = 0
Arm7 = 0
ArmD7 = 0
Arm8 = 0
ArmD8 = 0
Arm9 = 0
ArmD9 = 0
Arm10 = 0
ArmD10 = 0
Arm11 = 0
ArmD11 = 0
ObjData_41 = 2312|2490.846|-1702.896|1018.223|0.000|0.000|89.599
ObjData_42 = 1808|2497.387|-1712.422|1013.691|0.000|0.000|-178.399
ObjData_43 = 1208|2500.038|-1712.057|1013.892|0.000|0.000|0.000
ObjData_44 = 1738|2493.657|-1700.016|1017.933|0.000|0.000|0.000
ObjData_45 = 2069|2496.320|-1700.154|1017.393|0.000|0.000|0.000
ObjData_46 = 2112|2497.960|-1697.206|1014.172|0.000|0.000|0.000
Transferida = 
