[data]
Nombre = Hermanos
Dueño = Mackenly_Carrasco
Contraseña = 34078932
Dinero = 0
Precio = 90000
VirtualWorld = 412
Interior = 1
Comprada = true
Cerrada = false
Entrada_x = 2190.320312
Entrada_y = -1487.686279
Entrada_z = 26.105066
Salida_x = 223.414306
Salida_y = 1273.432006
Salida_z = 1082.140014
Familia = 0
Contraseña_puerta = 1234
Arm0 = 0
ArmD0 = 0
Arm1 = 0
ArmD1 = 0
Arm2 = 0
ArmD2 = 0
Arm3 = 0
ArmD3 = 0
Arm4 = 0
ArmD4 = 0
Arm5 = 0
ArmD5 = 0
Arm6 = 0
ArmD6 = 0
Arm7 = 0
ArmD7 = 0
Arm8 = 0
ArmD8 = 0
Arm9 = 0
ArmD9 = 0
ObjData_0 = 19446|0.000|0.000|0.000|-2.599|0.500|88.899
ObjData_1 = 1502|219.475|1272.980|1081.116|0.000|0.000|92.300
ObjData_2 = 1502|228.149|1276.665|1081.127|0.000|0.000|-90.799
ObjData_3 = 1724|225.625|1275.720|1081.214|-0.299|0.000|-42.100
ObjData_4 = 1723|0.000|0.000|0.000|-0.399|0.000|178.999
ObjData_5 = 2167|227.928|1277.395|1081.949|0.000|0.000|89.900
Arm10 = 0
ArmD10 = 0
Arm11 = 0
ArmD11 = 0
ObjData_6 = 2130|218.768|1279.508|1081.136|0.000|0.000|1.500
ObjData_7 = 2129|216.973|1277.218|1081.197|-0.000|0.000|89.400
ObjData_8 = 2294|216.982|1278.201|1081.187|0.800|0.900|88.599
ObjData_9 = 2128|216.725|1279.215|1081.052|0.000|1.699|92.899
ObjData_10 = 1817|224.715|1273.484|1081.116|0.000|0.000|0.000
ObjData_11 = 16779|224.365|1277.808|1084.228|0.000|0.000|0.000
ObjData_12 = 2161|220.310|1276.463|1082.227|0.000|0.000|0.000
ObjData_13 = 2527|217.381|1274.981|1081.111|0.399|-2.700|-0.500
ObjData_14 = 2524|217.347|1273.772|1081.154|1.499|-0.499|83.600
ObjData_15 = 2149|216.707|1277.189|1082.408|0.000|0.000|90.799
ObjData_16 = 2525|218.577|1275.960|1081.146|0.000|0.000|0.000
ObjData_17 = 1649|232.192|1271.843|1082.778|0.000|0.000|179.299
ObjData_18 = 1649|0.000|0.000|0.000|0.000|0.000|-179.000
ObjData_19 = 1649|0.000|0.000|0.000|0.000|0.000|0.000
ObjData_20 = 2030|224.650|1278.070|1081.627|0.000|0.000|0.000
ObjData_21 = 2313|226.231|1272.846|1081.086|0.000|0.000|-179.500
ObjData_22 = 2312|225.451|1273.020|1081.987|0.000|0.000|-176.700
ObjData_23 = 19172|234.389|1275.045|1083.058|0.000|0.000|-88.300
ObjData_24 = 19173|227.578|1278.367|1083.028|0.000|0.000|-98.200
ObjData_25 = 1724|223.614|1274.908|1081.165|0.000|-0.900|42.400
ObjData_26 = 1828|0.000|0.000|0.000|0.000|0.000|-178.900
ObjData_27 = 2079|225.625|1277.907|1081.899|0.000|0.000|0.000
ObjData_28 = 2079|223.734|1278.037|1081.829|0.000|0.000|-179.200
ObjData_29 = 2079|224.666|1277.205|1081.777|0.000|0.000|-91.099
ObjData_30 = 2079|224.830|1279.038|1081.787|0.000|0.000|88.100
ObjData_31 = 2298|230.573|1274.113|1081.236|0.000|0.000|0.000
ObjData_32 = 19400|231.302|1271.897|1082.608|0.000|0.000|-90.599
ObjData_33 = 19355|0.000|0.000|0.000|0.000|0.000|0.000
ObjData_34 = 19354|235.990|1275.544|1082.137|0.000|0.000|0.000
ObjData_35 = 19427|229.095|1271.917|1082.588|0.000|0.000|-87.499
ObjData_36 = 19427|233.667|1271.847|1082.608|0.000|0.000|-92.399
ObjData_37 = 1840|229.501|1271.975|1081.657|0.000|0.000|-88.000
ObjData_38 = 1840|233.131|1271.852|1081.657|0.000|0.000|-82.299
ObjData_39 = 1840|233.120|1271.853|1083.348|0.000|0.000|-81.599
ObjData_40 = 1840|229.566|1271.955|1083.338|0.000|0.000|-90.600
ObjData_41 = 1808|228.731|1273.883|1081.223|-1.500|0.000|95.099
ObjData_42 = 19430|0.000|0.000|0.000|0.000|0.000|0.000
ObjData_43 = 19387|0.000|0.000|0.000|0.000|0.000|0.000
ObjData_44 = 19401|0.000|0.000|0.000|0.000|0.000|0.000
ObjData_45 = 19430|217.595|1272.757|1082.438|0.000|0.000|93.000
ObjData_46 = 19430|216.805|1273.582|1082.428|0.000|0.000|0.000
ObjData_47 = 19430|216.838|1275.184|1082.558|0.000|0.000|0.000
ObjData_48 = 1409|0.000|0.000|0.000|0.000|0.000|0.000
Transferida = Mackenly_Carrasco
