[data]
Nombre = Home Emilio
Dueño = Breidy_Kapone
Contraseña = 3276850
Dinero = 0
Precio = 90000
VirtualWorld = 414
Interior = 1
Comprada = true
Cerrada = false
Entrada_x = 2190.444091
Entrada_y = -1470.361328
Entrada_z = 25.914062
Salida_x = 223.414306
Salida_y = 1273.432006
Salida_z = 1082.140014
Familia = 0
Contraseña_puerta = 1324
Arm0 = 0
ArmD0 = 0
ObjData_0 = 1760|223.995|1279.555|1081.157|0.000|0.000|0.000
ObjData_1 = 1817|224.395|1277.095|1081.167|0.000|0.000|0.000
ObjData_2 = 2313|227.241|1278.872|1081.126|0.000|0.000|-90.599
ObjData_3 = 1755|223.029|1277.431|1081.095|0.000|2.299|86.800
ObjData_4 = 1717|226.883|1278.953|1081.078|0.000|0.000|-135.799
ObjData_5 = 19400|224.403|1273.659|1082.850|0.000|0.000|-4.100
ObjData_6 = 19384|226.117|1275.106|1082.828|0.000|0.000|87.899
ObjData_7 = 1502|225.324|1275.081|1081.087|0.000|0.000|0.000
ObjData_8 = 1649|224.353|1272.774|1082.130|0.000|0.000|-93.000
ObjData_9 = 1502|227.997|1275.105|1081.129|0.000|0.000|90.000
ObjData_10 = 19172|221.094|1272.771|1083.047|0.000|0.000|179.900
ObjData_11 = 19173|227.699|1278.068|1083.267|0.000|0.000|-89.300
ObjData_12 = 2161|220.294|1276.498|1081.137|0.000|0.000|0.000
ObjData_13 = 2130|218.004|1277.208|1081.117|0.000|0.000|-178.700
ObjData_14 = 2294|0.000|0.000|0.000|0.000|0.000|0.000
ObjData_15 = 2313|231.729|1272.323|1081.127|0.000|0.000|179.699
ObjData_16 = 2298|229.932|1274.017|1081.126|0.000|0.000|0.000
ObjData_17 = 2120|216.958|1279.610|1081.767|0.000|0.000|-179.800
ObjData_18 = 2120|0.000|0.000|0.000|0.000|0.000|0.000
ObjData_19 = 1738|219.654|1275.143|1081.657|0.000|0.000|94.999
ObjData_20 = 1724|0.000|0.000|0.000|0.000|0.000|0.000
ObjData_21 = 1723|0.000|0.000|0.000|0.000|0.000|0.000
ObjData_22 = 1742|234.625|1274.740|1081.136|0.000|0.000|-90.499
ObjData_23 = 19317|221.691|1277.103|1082.900|0.000|0.000|82.400
ObjData_24 = 19166|0.000|0.000|0.000|0.000|0.000|0.000
Arm1 = 0
ArmD1 = 0
Arm2 = 0
ArmD2 = 0
Arm3 = 0
ArmD3 = 0
Arm4 = 0
ArmD4 = 0
Arm5 = 0
ArmD5 = 0
Arm6 = 0
ArmD6 = 0
Arm7 = 0
ArmD7 = 0
Arm8 = 0
ArmD8 = 0
Arm9 = 0
ArmD9 = 0
Arm10 = 0
ArmD10 = 0
Arm11 = 0
ArmD11 = 0
Transferida = Breidy_Kapone
