[data]
Nombre = Andry's Home
Dueño = Andry_Pelaez
Contraseña = 387712032
Dinero = 59500
Precio = 90000
VirtualWorld = 415
Interior = 1
Comprada = true
Cerrada = true
Entrada_x = 2191.104980
Entrada_y = -1455.806152
Entrada_z = 26.000000
Salida_x = 223.414306
Salida_y = 1273.432006
Salida_z = 1082.140014
Familia = 0
Contraseña_puerta = 1234
Arm0 = 0
ArmD0 = 0
ObjData_0 = 2161|226.270|1272.802|1082.218|0.000|0.000|174.998
ObjData_1 = 2167|233.736|1277.994|1081.131|0.098|1.098|-1.498
ObjData_2 = 2103|0.000|0.000|0.000|0.000|0.000|0.000
ObjData_3 = 1817|223.345|1278.968|1081.095|0.000|0.000|0.399
ObjData_4 = 1738|228.435|1273.323|1081.657|0.000|0.000|-88.299
ObjData_5 = 2165|219.984|1275.030|1081.108|0.000|-0.200|89.499
ObjData_6 = 2030|226.859|1278.010|1081.526|0.000|0.000|0.000
ObjData_7 = 2120|227.009|1276.634|1081.604|-3.398|0.000|-89.098
ObjData_8 = 2120|226.717|1279.334|1081.698|0.000|0.000|91.998
ObjData_9 = 2141|219.839|1277.163|1081.081|-1.899|0.000|-177.699
ObjData_10 = 2132|218.847|1277.103|1081.046|0.000|0.000|179.399
ObjData_11 = 2149|218.836|1277.106|1082.290|0.000|0.000|179.399
ObjData_12 = 2316|223.860|1279.830|1081.929|-1.000|0.699|2.699
ObjData_13 = 2115|220.788|1272.896|1080.787|0.000|0.000|0.000
ObjData_14 = 1208|0.000|0.000|0.000|0.000|0.000|-92.598
ObjData_15 = 1702|224.816|1277.323|1080.968|0.000|0.000|-179.999
ObjData_16 = 1705|227.208|1274.169|1081.053|1.599|-0.800|-140.999
ObjData_17 = 2160|218.361|1276.427|1081.142|0.000|1.599|-1.200
ObjData_18 = 2527|218.360|1273.270|1081.155|0.000|0.000|90.099
ObjData_19 = 2525|217.332|1275.974|1081.176|0.000|0.000|-1.500
ObjData_20 = 2103|221.337|1273.008|1082.867|0.000|0.000|175.500
ObjData_21 = 1828|231.550|1274.187|1081.119|0.000|0.000|0.000
ObjData_22 = 2134|217.108|1277.583|1081.057|0.000|0.000|110.999
ObjData_23 = 2313|232.473|1272.419|1081.136|0.000|0.000|-177.400
ObjData_24 = 2312|227.353|1279.840|1083.524|7.499|0.000|-35.300
ObjData_25 = 1502|225.785|1280.921|1083.046|90.900|-2.899|50.199
ObjData_26 = 2964|0.000|0.000|0.000|0.000|0.000|86.999
ObjData_27 = 2131|217.008|1278.488|1081.106|0.000|0.000|91.199
ObjData_28 = 1828|223.963|1276.820|1081.109|0.000|0.000|0.000
ObjData_29 = 1742|221.376|1277.250|1081.145|0.000|0.000|90.097
ObjData_30 = 2069|232.555|1277.690|1080.176|0.000|0.000|0.000
ObjData_31 = 2069|229.752|1277.700|1080.156|0.000|0.000|0.000
ObjData_32 = 2779|229.492|1272.342|1081.086|0.000|0.000|-179.900
ObjData_33 = 2356|220.987|1275.230|1081.135|0.000|0.000|64.798
ObjData_34 = 19173|221.394|1272.846|1083.400|0.100|-0.199|-4.100
ObjData_35 = 16779|223.827|1276.167|1084.408|0.000|0.000|0.000
ObjData_36 = 2135|220.790|1277.252|1081.076|0.000|0.000|-179.200
ObjData_37 = 2298|229.858|1274.113|1081.136|0.000|0.000|0.000
ObjData_38 = 1744|221.856|1272.649|1082.510|0.000|0.000|177.799
Arm1 = 103
ArmD1 = 0
Arm2 = 103
ArmD2 = 0
Arm3 = 101
ArmD3 = 0
Arm4 = 103
ArmD4 = 0
Arm5 = 0
ArmD5 = 0
Arm6 = 101
ArmD6 = 0
Arm7 = 101
ArmD7 = 0
Arm8 = 103
ArmD8 = 0
Arm9 = 0
ArmD9 = 0
Arm10 = 0
ArmD10 = 0
ObjData_39 = 1839|0.000|0.000|0.000|0.000|0.000|0.000
ObjData_40 = 1839|0.000|0.000|0.000|0.000|0.000|0.000
ObjData_41 = 1840|222.122|1272.951|1082.857|0.000|0.000|-90.199
ObjData_42 = 19166|222.531|1279.880|1083.064|87.399|-33.800|31.199
Arm11 = 0
ArmD11 = 0
Transferida = 
