[data]
Nombre = Shagarx's House.
Dueño = Franco_Taparte
Contraseña = 100008312
Dinero = 0
Precio = 90000
VirtualWorld = 416
Interior = 1
Comprada = true
Cerrada = false
Entrada_x = 2194.351562
Entrada_y = -1442.985839
Entrada_z = 26.073816
Salida_x = 223.414306
Salida_y = 1273.432006
Salida_z = 1082.140014
Familia = 0
Contraseña_puerta = 1970
Arm0 = 0
ArmD0 = 0
ObjData_0 = 1649|0.000|0.000|0.000|-3.098|0.000|-0.898
ObjData_1 = 19172|226.040|1272.811|1083.138|0.000|0.000|-179.099
ObjData_2 = 1502|219.417|1272.972|1081.126|0.000|0.000|88.000
ObjData_3 = 2115|0.000|0.000|0.000|0.000|0.000|0.000
ObjData_4 = 2165|218.010|1278.163|1081.057|2.000|0.000|-89.499
ObjData_5 = 1808|227.420|1273.051|1081.127|0.000|0.000|-175.900
ObjData_6 = 1828|223.270|1274.524|1081.109|0.000|0.000|-89.299
ObjData_7 = 1828|225.514|1276.942|1081.125|0.000|0.000|0.000
ObjData_8 = 19317|221.548|1277.436|1082.776|0.200|32.799|84.799
ObjData_9 = 2149|0.000|0.000|0.000|0.000|0.000|0.000
ObjData_10 = 19173|218.996|1276.711|1082.890|0.000|0.000|0.000
ObjData_11 = 1742|221.419|1277.763|1081.216|0.000|0.000|-89.600
ObjData_12 = 16779|223.085|1274.683|1084.598|0.000|0.000|0.000
ObjData_13 = 16779|226.084|1278.553|1084.699|0.000|0.000|0.000
ObjData_14 = 16779|218.368|1278.442|1084.662|0.000|0.000|0.000
ObjData_15 = 1723|223.926|1279.514|1081.135|1.800|0.198|1.300
ObjData_16 = 2132|0.000|0.000|0.000|0.000|0.000|0.000
ObjData_17 = 19354|0.000|0.000|0.000|0.000|0.000|0.000
ObjData_18 = 2141|0.000|0.000|0.000|0.000|0.000|0.000
ObjData_19 = 0|0.000|0.000|0.000|0.000|0.000|0.000
ObjData_20 = 1649|0.000|0.000|0.000|1.199|0.000|-88.097
ObjData_21 = 2069|227.495|1279.769|1081.166|0.000|0.000|0.000
ObjData_22 = 2069|216.771|1279.812|1081.166|0.000|0.000|0.000
ObjData_23 = 2356|216.670|1277.682|1081.097|0.000|0.000|-88.697
ObjData_24 = 1723|227.198|1279.296|1081.032|-1.201|-0.200|-90.102
Arm1 = 0
ArmD1 = 0
Arm2 = 0
ArmD2 = 0
Arm3 = 0
ArmD3 = 0
Arm4 = 0
ArmD4 = 0
Arm5 = 0
ArmD5 = 0
Arm6 = 0
ArmD6 = 0
Arm7 = 0
ArmD7 = 0
Arm8 = 0
ArmD8 = 0
Arm9 = 0
ArmD9 = 0
ObjData_25 = 0|0.000|0.000|0.000|0.000|0.000|0.000
ObjData_26 = 1502|227.894|1276.678|1081.136|0.000|0.000|-90.800
ObjData_27 = 2524|218.466|1273.229|1081.142|-0.699|-1.500|173.300
ObjData_28 = 2525|218.897|1275.851|1081.217|0.000|0.000|0.000
ObjData_29 = 19354|0.000|0.000|0.000|0.000|0.000|0.000
ObjData_30 = 2069|219.954|1276.261|1081.137|0.000|0.000|0.000
ObjData_31 = 2526|217.391|1275.974|1081.322|-0.299|-0.500|-90.899
ObjData_32 = 2527|0.000|0.000|0.000|0.000|0.000|0.000
ObjData_33 = 2356|219.532|1277.435|1081.125|0.100|-0.097|90.098
ObjData_34 = 2115|232.667|1272.456|1080.263|0.000|0.000|0.000
ObjData_35 = 1502|221.373|1278.476|1081.160|0.798|-0.100|88.699
ObjData_36 = 19317|231.238|1271.642|1083.246|-0.398|57.999|179.699
ObjData_37 = 1828|231.805|1274.597|1080.977|0.000|0.000|0.000
ObjData_38 = 1828|216.521|1278.582|1083.077|90.399|88.999|-0.200
ObjData_39 = 19173|228.415|1273.481|1082.774|0.000|-0.699|89.099
ObjData_40 = 1839|233.100|1272.562|1080.135|0.000|0.000|90.098
ObjData_41 = 19354|0.000|0.000|0.000|0.000|0.000|0.000
ObjData_42 = 1649|0.000|0.000|0.000|0.000|0.000|0.000
ObjData_43 = 1649|0.000|0.000|0.000|0.000|0.000|0.000
Arm10 = 0
ArmD10 = 0
Arm11 = 0
ArmD11 = 0
Transferida = Santiago_Perez
