[data]
Nombre = Barreiro House
Dueño = Jonathan_Barreiro
Contraseña = 123470249
Dinero = 0
Precio = 60000
VirtualWorld = 417
Interior = 1
Comprada = true
Cerrada = true
Entrada_x = 2146.796386
Entrada_y = -1470.518798
Entrada_z = 26.042566
Salida_x = 223.414306
Salida_y = 1273.432006
Salida_z = 1082.140014
Familia = 0
Contraseña_puerta = 1502
Arm0 = 2
ArmD0 = 0
ObjData_0 = 2524|217.354|1273.383|1081.125|0.000|-0.199|89.199
ObjData_1 = 2525|217.385|1275.035|1081.140|-0.799|0.000|85.499
ObjData_2 = 2527|218.675|1274.987|1081.117|0.000|0.000|0.000
ObjData_3 = 1502|219.381|1274.515|1081.137|0.000|0.000|-90.199
ObjData_4 = 2313|227.211|1278.930|1081.177|0.000|0.000|-90.299
ObjData_5 = 2298|0.000|0.000|0.000|-0.599|0.499|-88.200
ObjData_6 = 1502|221.430|1278.492|1081.127|0.000|0.000|91.900
ObjData_7 = 1502|227.818|1276.669|1081.139|0.000|0.000|-90.399
ObjData_8 = 2069|234.074|1273.420|1080.726|0.000|0.000|0.000
ObjData_9 = 1817|223.897|1277.322|1081.156|0.000|0.000|0.000
ObjData_10 = 1723|223.406|1279.575|1081.117|0.000|0.000|0.000
ObjData_11 = 1724|224.069|1276.260|1081.077|0.000|0.000|179.900
ObjData_12 = 1649|0.000|0.000|0.000|1.700|-0.300|-179.799
ObjData_13 = 2112|0.000|0.000|0.000|0.200|0.000|179.600
ObjData_14 = 19173|234.295|1274.896|1083.971|25.199|0.000|-90.500
ObjData_15 = 2779|228.866|1277.505|1081.169|0.000|0.000|88.900
ObjData_16 = 2120|0.000|0.000|0.000|0.000|0.000|-179.999
ObjData_17 = 2120|234.150|1272.120|1081.767|0.000|0.000|0.000
ObjData_18 = 2165|227.235|1273.246|1081.106|0.000|0.000|178.999
ObjData_19 = 16779|224.415|1277.277|1084.661|0.000|0.000|0.000
ObjData_20 = 1724|225.796|1276.223|1081.128|0.000|0.000|179.098
ObjData_21 = 1724|231.766|1272.318|1081.276|0.000|-0.000|-179.299
ObjData_22 = 19172|226.073|1272.776|1083.420|0.000|0.000|-179.598
ObjData_23 = 2133|234.028|1273.435|1081.077|0.000|0.000|-88.500
ObjData_24 = 2134|0.000|0.000|0.000|0.000|0.000|179.899
ObjData_25 = 2131|230.067|1272.168|1081.115|-0.100|0.000|179.800
ObjData_26 = 2356|226.459|1273.934|1081.146|-1.299|0.699|179.901
ObjData_27 = 2141|0.000|0.000|0.000|0.000|0.000|90.199
ObjData_28 = 2132|0.000|0.000|0.000|0.000|0.000|89.900
ObjData_29 = 1808|218.753|1277.155|1081.027|0.000|0.000|178.600
ObjData_30 = 2964|0.000|0.000|0.000|0.000|0.000|0.000
ObjData_31 = 2312|228.543|1274.148|1083.928|8.800|0.298|90.101
ObjData_32 = 1738|220.667|1276.760|1081.507|0.000|0.000|0.000
ObjData_33 = 2149|217.944|1277.075|1082.187|0.000|0.000|179.999
ObjData_34 = 2103|234.283|1276.890|1082.488|0.000|0.000|-90.800
ObjData_35 = 2069|227.346|1279.713|1081.186|0.000|0.000|0.000
ObjData_36 = 2103|216.748|1279.450|1083.187|0.000|0.000|89.599
Arm1 = 75
ArmD1 = 28
Arm2 = 17
ArmD2 = 100
Arm3 = 0
ArmD3 = 0
ObjData_37 = 2161|234.518|1277.073|1081.117|0.000|0.000|-89.599
ObjData_38 = 2312|227.121|1278.290|1082.137|0.000|0.000|-91.299
Arm4 = 75
ArmD4 = 10
Arm5 = 75
ArmD5 = 30
Arm6 = 75
ArmD6 = 14
Arm7 = 76
ArmD7 = 6
Arm8 = 70
ArmD8 = 0
Arm9 = 0
ArmD9 = 0
ObjData_39 = 2316|0.000|0.000|0.000|1.700|-0.099|91.000
ObjData_40 = 2316|0.000|0.000|0.000|6.399|-0.299|95.000
ObjData_41 = 2316|0.000|0.000|0.000|4.299|0.000|90.499
ObjData_42 = 2316|0.000|0.000|0.000|7.399|0.000|89.999
ObjData_43 = 1839|0.000|0.000|0.000|0.000|0.699|-91.300
ObjData_44 = 2127|0.000|0.000|0.000|0.000|0.000|-179.899
ObjData_45 = 2128|219.534|1277.124|1080.996|0.000|0.000|179.200
ObjData_46 = 2130|217.981|1277.213|1080.996|0.000|0.000|-179.900
ObjData_47 = 2294|216.957|1278.488|1080.987|0.000|0.000|89.900
ObjData_48 = 2129|216.989|1279.485|1081.007|0.000|0.000|89.899
ObjData_49 = 1803|0.000|0.000|0.000|0.000|0.000|-90.599
ObjData_50 = 2299|230.978|1275.337|1081.076|0.000|0.000|-89.400
Transferida = 
Arm10 = 85
ArmD10 = 5
Arm11 = 68
ArmD11 = 92
