[data]
Nombre = ||Real||
Dueño = Yanfred_Oliveros
Contraseña = 70123830
Dinero = 0
Precio = 90000
VirtualWorld = 418
Interior = 15
Comprada = true
Cerrada = false
Entrada_x = 2188.551757
Entrada_y = -1419.387207
Entrada_z = 26.156250
Salida_x = 326.308105
Salida_y = 1456.211425
Salida_z = 1084.595947
Familia = 0
Contraseña_puerta = 2016
Arm0 = 73
ArmD0 = 400
Arm1 = 3
ArmD1 = 0
Arm2 = 73
ArmD2 = 158
Arm3 = 25
ArmD3 = 2
Arm4 = 5
ArmD4 = 8
Arm5 = 73
ArmD5 = 400
Arm6 = 0
ArmD6 = 0
Arm7 = 0
ArmD7 = 0
Arm8 = 0
ArmD8 = 0
Arm9 = 0
ArmD9 = 0
ObjData_0 = 2115|319.855|1463.672|1083.427|0.000|0.000|0.000
ObjData_1 = 2316|326.481|1466.006|1083.208|0.000|0.000|0.000
ObjData_2 = 2527|332.669|1462.320|1083.464|0.000|0.000|0.000
ObjData_3 = 2165|318.136|1457.111|1083.475|0.000|0.000|90.200
ObjData_4 = 2356|319.272|1457.759|1083.526|0.000|0.000|89.900
ObjData_5 = 2525|330.093|1463.238|1083.429|0.000|0.000|0.000
ObjData_6 = 2627|331.656|1455.261|1083.445|-0.899|2.500|97.201
ObjData_7 = 1502|325.697|1464.046|1083.435|-1.200|0.600|-88.499
ObjData_8 = 1742|320.777|1455.380|1083.411|0.000|-0.299|179.600
ObjData_9 = 19166|328.018|1469.900|1085.498|88.899|-10.200|14.199
ObjData_10 = 1828|329.475|1467.228|1083.580|0.000|0.000|0.000
ObjData_11 = 1723|332.178|1468.253|1083.375|0.000|0.000|-86.499
ObjData_12 = 2103|320.329|1463.916|1084.207|0.000|0.000|1.000
ObjData_13 = 0|0.000|0.000|0.000|0.000|0.000|0.000
ObjData_14 = 1803|0.000|0.000|0.000|0.000|0.000|0.000
ObjData_15 = 2299|0.000|0.000|0.000|0.000|0.000|0.000
ObjData_16 = 2130|320.186|1467.794|1083.338|0.000|0.000|0.000
ObjData_17 = 2299|331.815|1457.333|1083.359|0.000|0.000|-90.099
ObjData_18 = 2130|0.000|0.000|0.000|0.000|0.000|0.000
ObjData_19 = 2128|322.190|1467.831|1083.319|0.000|0.000|0.000
ObjData_20 = 2127|318.186|1467.880|1083.307|0.000|0.000|0.000
ObjData_21 = 2131|319.540|1459.086|1083.389|0.000|0.000|-1.200
ObjData_22 = 2133|0.000|0.000|0.000|0.000|0.000|0.000
ObjData_23 = 2134|0.000|0.000|0.000|0.000|0.000|0.000
ObjData_24 = 1502|327.072|1464.833|1083.449|0.000|0.000|0.000
ObjData_25 = 2313|0.000|0.000|0.000|0.000|0.000|91.399
ObjData_26 = 2149|321.105|1463.589|1084.360|0.000|0.000|-89.799
ObjData_27 = 2141|0.000|0.000|0.000|0.000|0.000|0.000
ObjData_28 = 2132|0.000|0.000|0.000|0.000|0.000|0.000
ObjData_29 = 2120|320.263|1462.141|1083.963|0.000|0.000|-90.100
ObjData_30 = 2120|0.000|0.000|0.000|0.000|0.000|0.000
ObjData_31 = 2120|0.000|0.000|0.000|0.000|0.000|0.000
ObjData_32 = 19172|317.680|1464.097|1085.211|-0.099|-0.099|90.000
Transferida = Yanfred_Oliveros
ObjData_33 = 19354|0.000|0.000|0.000|0.000|0.000|0.000
ObjData_34 = 19354|0.000|0.000|0.000|0.000|0.000|0.000
ObjData_35 = 19384|0.000|0.000|0.000|0.000|0.000|0.000
ObjData_36 = 1649|0.000|0.000|0.000|0.000|0.000|0.000
ObjData_37 = 1491|329.194|1458.371|1083.439|0.000|0.000|-89.000
ObjData_38 = 1491|329.222|1462.478|1083.458|0.000|0.000|-88.800
ObjData_39 = 2312|0.000|0.000|0.000|0.000|0.000|0.000
ObjData_40 = 19384|0.000|0.000|0.000|0.000|0.000|0.000
Arm10 = 8
ArmD10 = 0
Arm11 = 0
ArmD11 = 0
