[data]
Nombre = el leo se la come
Dueño = Emmet_Kurupt
Contraseña = 19923098
Dinero = 0
Precio = 60000
VirtualWorld = 420
Interior = 1
Comprada = true
Cerrada = true
Entrada_x = 2152.214599
Entrada_y = -1446.305175
Entrada_z = 26.105066
Salida_x = 223.414306
Salida_y = 1273.432006
Salida_z = 1082.140014
Familia = 0
Contraseña_puerta = 2613
Arm0 = 3
ArmD0 = 0
ObjData_0 = 2298|232.860|1275.744|1081.147|0.000|0.000|178.400
ObjData_1 = 2779|228.859|1277.530|1081.137|0.000|0.000|28.500
ObjData_2 = 2161|234.038|1272.530|1081.117|0.000|0.000|89.200
ObjData_3 = 19317|234.461|1275.994|1083.428|-0.499|-34.900|-88.699
ObjData_4 = 2103|234.193|1272.853|1082.497|0.000|0.000|-91.199
ObjData_5 = 2322|231.124|1277.439|1081.917|0.000|0.000|0.000
ObjData_6 = 2525|218.609|1276.054|1081.107|0.000|0.000|-0.699
ObjData_7 = 2524|217.432|1274.965|1081.166|0.000|0.000|90.401
ObjData_8 = 2964|218.161|1278.485|1081.126|0.000|0.000|0.000
ObjData_9 = 2115|224.306|1277.255|1081.169|0.000|0.000|0.000
ObjData_10 = 19172|231.058|1271.823|1083.197|0.000|0.000|-179.900
ObjData_11 = 1753|223.863|1279.287|1081.126|0.000|0.000|0.000
Arm1 = 75
ArmD1 = 30
Arm2 = 75
ArmD2 = 30
Arm3 = 76
ArmD3 = 24
ObjData_12 = 2313|230.696|1277.500|1081.137|0.000|0.000|0.000
ObjData_13 = 1502|227.772|1276.648|1081.137|0.000|0.000|-89.699
ObjData_14 = 1502|221.395|1278.470|1081.126|0.000|0.000|87.500
ObjData_15 = 1502|219.418|1272.977|1081.149|0.000|0.000|88.399
ObjData_16 = 1828|224.958|1275.788|1081.129|0.000|0.000|0.000
ObjData_17 = 2527|217.432|1274.242|1081.117|0.000|0.000|-176.799
Arm4 = 76
ArmD4 = 30
Arm5 = 24
ArmD5 = 0
Arm6 = 25
ArmD6 = 0
Arm7 = 76
ArmD7 = 18
Arm8 = 76
ArmD8 = 30
Arm9 = 4
ArmD9 = 7
Arm10 = 0
ArmD10 = 0
Arm11 = 5
ArmD11 = 8
Transferida = 
