[data]
Nombre = giulic
Dueño = Cristal_Busto
Contraseña = 236126995
Dinero = 0
Precio = 90000
VirtualWorld = 422
Interior = 15
Comprada = true
Cerrada = true
Entrada_x = 2185.135986
Entrada_y = -1363.708984
Entrada_z = 26.159753
Salida_x = 326.308105
Salida_y = 1456.211425
Salida_z = 1084.595947
Familia = 0
Contraseña_puerta = 6102
Arm0 = 0
ArmD0 = 0
ObjData_0 = 2165|334.772|1457.306|1083.467|0.000|0.000|-88.499
ObjData_1 = 2316|330.889|1464.782|1084.610|0.000|0.000|-177.999
ObjData_2 = 2356|331.395|1456.130|1083.476|0.300|0.000|-177.399
ObjData_3 = 2030|321.156|1458.169|1083.780|0.000|0.000|0.000
ObjData_4 = 2069|328.673|1456.122|1083.569|0.000|-0.700|25.599
ObjData_5 = 2069|0.000|0.000|0.000|0.000|0.000|0.000
ObjData_6 = 2069|0.000|0.000|0.000|0.000|0.000|0.000
ObjData_7 = 2079|322.081|1458.332|1084.079|0.000|0.000|0.000
ObjData_8 = 2079|0.000|0.000|0.000|0.000|0.000|85.098
ObjData_9 = 2079|320.251|1458.283|1084.072|0.000|0.000|-178.199
ObjData_10 = 2069|318.509|1466.103|1083.729|0.000|0.000|0.000
ObjData_11 = 2298|329.947|1465.957|1083.418|0.000|0.000|0.000
ObjData_12 = 2313|321.013|1460.895|1083.418|0.000|0.000|-179.498
ObjData_13 = 1502|331.486|1459.644|1083.409|0.000|0.000|0.000
ObjData_14 = 2300|326.402|1465.492|1083.458|0.000|0.000|0.000
ObjData_15 = 2141|318.334|1457.682|1083.379|0.000|0.000|90.899
ObjData_16 = 1502|329.261|1458.391|1083.428|0.000|0.000|-91.500
ObjData_17 = 2526|332.732|1462.075|1083.500|0.000|0.000|92.300
ObjData_18 = 2525|330.169|1463.306|1083.528|0.000|0.000|0.000
ObjData_19 = 2524|329.717|1459.859|1083.400|0.000|0.000|85.100
ObjData_20 = 1502|329.192|1462.441|1083.419|0.000|0.000|-89.000
ObjData_21 = 1502|325.747|1464.060|1083.419|0.000|0.000|-91.099
ObjData_22 = 0|0.000|0.000|0.000|0.000|0.000|0.000
ObjData_23 = 0|0.000|0.000|0.000|0.000|0.000|0.000
ObjData_24 = 0|0.000|0.000|0.000|0.000|0.000|0.000
ObjData_25 = 2779|334.755|1456.615|1083.422|-2.199|-1.499|-92.500
ObjData_26 = 16779|332.486|1457.213|1086.669|0.000|0.000|0.000
ObjData_27 = 0|0.000|0.000|0.000|0.000|0.000|0.000
ObjData_28 = 1762|0.000|0.000|0.000|0.000|0.000|-88.698
ObjData_29 = 1762|0.000|0.000|0.000|0.000|0.000|48.400
ObjData_30 = 19317|325.642|1465.844|1085.240|0.000|0.000|-90.999
ObjData_31 = 2161|325.896|1466.257|1083.505|0.000|0.000|93.000
Arm1 = 0
ArmD1 = 0
Arm2 = 0
ArmD2 = 0
Arm3 = 0
ArmD3 = 0
Arm4 = 0
ArmD4 = 0
Arm5 = 0
ArmD5 = 0
Arm6 = 0
ArmD6 = 0
Arm7 = 0
ArmD7 = 0
Arm8 = 0
ArmD8 = 0
Arm9 = 75
ArmD9 = 3
ObjData_32 = 1502|324.745|1458.321|1083.428|0.000|0.000|-91.500
ObjData_33 = 1502|327.070|1464.748|1083.439|0.000|0.000|0.000
ObjData_34 = 2161|317.705|1463.405|1083.409|0.000|0.000|92.000
ObjData_35 = 2316|320.328|1460.796|1084.337|0.000|0.000|-179.200
ObjData_36 = 2136|323.433|1456.056|1083.529|0.000|0.000|178.899
ObjData_37 = 2137|320.444|1456.132|1083.529|0.000|0.000|179.199
ObjData_38 = 2139|321.450|1456.103|1083.519|0.000|0.699|179.800
ObjData_39 = 1723|320.440|1467.844|1083.426|0.000|0.000|0.000
ObjData_40 = 1724|323.436|1467.531|1083.418|0.000|0.000|-48.899
ObjData_41 = 1724|318.830|1466.927|1083.340|0.000|0.000|35.999
ObjData_42 = 2149|321.627|1455.774|1084.760|0.000|0.000|-179.400
ObjData_43 = 0|0.000|0.000|0.000|0.000|0.000|0.000
ObjData_44 = 19166|332.763|1467.757|1085.040|-88.800|90.400|-1.399
ObjData_45 = 19166|317.704|1465.493|1085.257|91.099|93.399|-2.900
ObjData_46 = 1817|321.121|1465.342|1083.468|0.000|0.000|0.000
ObjData_47 = 1840|321.034|1460.964|1083.879|0.000|0.000|-93.500
ObjData_48 = 1840|319.577|1460.872|1083.908|0.000|0.000|-93.500
ObjData_49 = 16779|328.841|1466.986|1086.667|0.000|0.000|0.000
ObjData_50 = 2135|319.508|1456.137|1083.527|0.000|0.000|179.000
ObjData_51 = 0|0.000|0.000|0.000|0.000|0.000|0.000
ObjData_52 = 0|0.000|0.000|0.000|0.000|0.000|0.000
ObjData_53 = 2167|325.829|1467.747|1084.439|0.000|0.000|93.700
Arm10 = 0
ArmD10 = 0
Arm11 = 0
ArmD11 = 0
Transferida = Cristal_Busto
