[data]
Nombre = Los Conda
Dueño = Franco_Garribia
Contraseña = 33030347
Dinero = 0
Precio = 90000
VirtualWorld = 423
Interior = 15
Comprada = true
Cerrada = true
Entrada_x = 2202.781005
Entrada_y = -1363.670776
Entrada_z = 26.191003
Salida_x = 326.308105
Salida_y = 1456.211425
Salida_z = 1084.595947
Familia = 0
Contraseña_puerta = 5432
Arm0 = 76
ArmD0 = 2
ObjData_0 = 2298|328.812|1468.241|1083.469|0.000|0.000|-92.299
ObjData_1 = 1502|324.758|1456.790|1083.409|0.000|0.000|89.099
ObjData_2 = 1502|325.837|1462.528|1083.459|0.000|0.000|92.899
ObjData_3 = 19173|325.639|1465.561|1085.331|0.000|0.000|-92.200
ObjData_4 = 19172|317.715|1463.808|1085.069|0.000|0.000|90.500
ObjData_5 = 19166|320.359|1460.467|1085.150|88.999|-89.499|-95.200
ObjData_6 = 1723|320.438|1467.634|1083.517|0.000|0.000|-2.200
ObjData_7 = 1724|319.061|1466.004|1083.458|0.000|0.000|54.499
ObjData_8 = 1724|323.271|1467.064|1083.509|0.000|0.000|-41.699
ObjData_9 = 16779|321.898|1465.091|1086.722|0.000|0.000|0.000
ObjData_10 = 2161|324.946|1460.518|1083.478|0.000|0.000|-176.900
ObjData_11 = 2316|320.611|1461.105|1084.339|0.000|0.000|176.500
ObjData_12 = 2313|321.142|1461.222|1083.479|0.000|0.000|178.100
ObjData_13 = 2964|318.628|1463.890|1083.283|0.000|0.000|-92.500
ObjData_14 = 1817|322.000|1466.371|1083.589|0.000|0.000|-179.600
ObjData_15 = 16779|321.561|1457.706|1086.731|0.000|0.000|0.000
Arm1 = 101
ArmD1 = 0
Arm2 = 0
ArmD2 = 0
Arm3 = 0
ArmD3 = 0
Arm4 = 0
ArmD4 = 0
Arm5 = 0
ArmD5 = 0
Arm6 = 0
ArmD6 = 0
Arm7 = 0
ArmD7 = 0
Arm8 = 0
ArmD8 = 0
Arm9 = 0
ArmD9 = 0
ObjData_16 = 2526|331.410|1463.205|1083.440|0.000|0.000|0.000
ObjData_17 = 2524|330.829|1460.338|1083.500|0.000|0.000|176.799
ObjData_18 = 2525|332.625|1461.226|1083.470|0.000|0.000|-91.499
ObjData_19 = 1502|322.270|1460.284|1083.380|0.000|0.000|0.000
ObjData_20 = 1502|331.477|1459.730|1083.440|0.000|0.000|0.000
ObjData_21 = 0|0.000|0.000|0.000|0.000|0.000|0.000
ObjData_22 = 0|0.000|0.000|0.000|0.000|0.000|0.000
ObjData_23 = 19384|323.058|1460.293|1085.089|0.000|0.000|89.599
ObjData_24 = 16779|322.159|1456.049|1083.598|0.000|0.000|0.000
ObjData_25 = 1208|318.323|1458.955|1083.478|0.000|0.000|-91.099
ObjData_26 = 1649|329.161|1461.438|1085.000|0.199|-0.699|-89.999
ObjData_27 = 19172|335.181|1457.130|1085.169|0.000|0.000|-87.999
ObjData_28 = 19173|334.163|1459.618|1085.059|0.000|0.000|178.900
ObjData_29 = 19166|332.318|1454.683|1085.329|-91.499|-168.500|11.900
ObjData_30 = 2136|320.140|1456.309|1083.421|0.000|0.000|-178.900
ObjData_31 = 2137|323.376|1456.206|1083.388|0.000|0.000|-179.600
ObjData_32 = 2139|322.298|1456.235|1083.380|0.000|0.000|-179.499
ObjData_33 = 2140|321.175|1456.301|1083.420|0.000|0.000|179.000
ObjData_34 = 2161|325.857|1466.586|1084.439|0.000|0.000|87.300
ObjData_35 = 1502|327.062|1464.863|1083.496|0.000|0.000|0.000
ObjData_36 = 1502|329.291|1456.856|1083.477|0.000|0.000|85.000
ObjData_37 = 0|0.000|0.000|0.000|0.000|0.000|0.000
ObjData_38 = 0|0.000|0.000|0.000|0.000|0.000|0.000
ObjData_39 = 2149|322.357|1456.035|1084.661|0.000|0.000|-176.900
ObjData_40 = 2141|318.644|1457.808|1083.405|0.000|0.000|93.100
Arm10 = 0
ArmD10 = 0
Arm11 = 0
ArmD11 = 0
Transferida = Franco_Garribia
