[data]
Nombre = Hoover Criminal Gang''
Dueño = Junior_Valoy
Contraseña = 310313916
Dinero = 0
Precio = 45000
VirtualWorld = 425
Interior = 2
Comprada = true
Cerrada = false
Entrada_x = 2256.881347
Entrada_y = -1407.992797
Entrada_z = 24.000000
Salida_x = 266.668243
Salida_y = 305.075042
Salida_z = 999.148437
Familia = 0
Contraseña_puerta = 4359
Arm0 = 0
ArmD0 = 0
ObjData_0 = 2121|267.998|307.551|998.804|0.000|0.000|46.699
Arm1 = 0
ArmD1 = 0
Arm2 = 0
ArmD2 = 0
Arm3 = 0
ArmD3 = 0
Arm4 = 0
ArmD4 = 0
Arm5 = 0
ArmD5 = 0
Arm6 = 0
ArmD6 = 0
Arm7 = 0
ArmD7 = 0
Arm8 = 0
ArmD8 = 0
Arm9 = 0
ArmD9 = 0
Arm10 = 0
ArmD10 = 0
Arm11 = 0
ArmD11 = 0
ObjData_1 = 2165|272.725|306.152|998.207|0.000|0.000|122.098
ObjData_2 = 2356|273.132|307.164|998.145|0.000|0.000|136.599
ObjData_3 = 2121|270.415|308.284|998.809|1.399|0.499|-1.900
ObjData_4 = 2121|271.359|308.223|998.993|-2.399|-4.800|-14.800
ObjData_5 = 2121|271.629|306.012|998.772|-2.098|-1.200|125.098
ObjData_6 = 2121|269.240|308.100|998.835|0.000|0.000|12.099
ObjData_7 = 1502|266.097|305.722|998.188|0.500|-0.499|-87.000
ObjData_8 = 19166|270.400|302.090|1000.107|-2.200|-90.100|-89.199
Transferida = 
