[data]
Nombre = Casa del Dupre
Dueño = Pablo_Dupre
Contraseña = 0
Dinero = 0
Precio = 120000
VirtualWorld = 426
Interior = 3
Comprada = true
Cerrada = true
Entrada_x = 2151.185058
Entrada_y = -1400.730590
Entrada_z = 26.128503
Salida_x = 2496.000000
Salida_y = -1692.079956
Salida_z = 1014.739990
Familia = 0
Contraseña_puerta = 195
Arm0 = 4
ArmD0 = 7
ObjData_0 = 19172|2493.663|-1703.394|1015.501|0.000|0.000|90.500
ObjData_1 = 2103|2494.243|-1703.550|1014.265|0.000|0.200|91.198
ObjData_2 = 2115|0.000|0.000|0.000|0.000|0.000|0.000
ObjData_3 = 2079|2494.201|-1708.192|1014.402|0.000|0.000|0.000
ObjData_4 = 2079|2494.272|-1706.941|1014.441|0.000|0.000|0.000
ObjData_5 = 2079|2493.236|-1709.319|1014.381|0.000|0.000|-86.299
ObjData_6 = 2079|2493.390|-1705.790|1014.361|0.000|0.000|90.199
ObjData_7 = 2316|2490.984|-1702.898|1020.675|27.500|2.000|82.100
ObjData_8 = 19317|2496.679|-1702.303|1019.911|2.100|-76.000|-89.100
ObjData_9 = 2525|2493.009|-1694.112|1013.712|0.000|0.000|-85.600
ObjData_10 = 2524|2493.087|-1695.785|1013.751|0.000|0.000|-85.400
ObjData_11 = 2527|2490.922|-1695.403|1013.851|0.000|0.000|0.000
ObjData_12 = 2526|0.000|0.000|0.000|0.000|0.000|1.000
Arm1 = 0
ArmD1 = 0
Arm2 = 0
ArmD2 = 0
Arm3 = 0
ArmD3 = 0
Arm4 = 0
ArmD4 = 0
Arm5 = 0
ArmD5 = 0
Arm6 = 0
ArmD6 = 0
Arm7 = 59
ArmD7 = 15
Arm8 = 0
ArmD8 = 0
Arm9 = 0
ArmD9 = 0
Arm10 = 0
ArmD10 = 0
Arm11 = 0
ArmD11 = 0
Transferida = Pablo_Dupre
ObjData_13 = 19354|2493.692|-1695.285|1015.492|0.000|0.000|0.000
ObjData_14 = 19384|2492.062|-1697.004|1015.507|0.199|0.400|-86.300
ObjData_15 = 1760|0.000|0.000|0.000|0.000|0.000|0.000
ObjData_16 = 1491|2491.322|-1697.012|1013.759|0.000|0.000|0.000
ObjData_17 = 1502|2491.259|-1699.196|1013.742|0.000|0.000|0.000
ObjData_18 = 19354|2493.568|-1703.285|1015.472|0.000|0.000|0.000
ObjData_19 = 19354|2493.571|-1700.751|1015.481|0.000|0.000|0.000
ObjData_20 = 19384|2492.038|-1699.181|1015.492|0.000|0.000|88.800
ObjData_21 = 1502|2491.606|-1705.940|1017.316|0.000|0.000|0.000
ObjData_22 = 2010|2494.841|-1692.036|1013.911|0.000|0.000|0.000
ObjData_23 = 2010|2490.661|-1697.383|1013.732|0.000|0.000|0.000
ObjData_24 = 2964|2491.935|-1702.073|1013.795|0.000|0.000|90.099
ObjData_25 = 2779|2492.921|-1704.449|1013.909|0.000|0.000|-89.600
ObjData_26 = 2161|2498.393|-1694.994|1013.931|0.000|0.000|-91.300
ObjData_27 = 2167|2496.711|-1704.964|1017.371|0.000|0.000|-91.700
ObjData_28 = 1723|2497.590|-1702.463|1013.771|0.000|0.000|-88.899
ObjData_29 = 2268|2494.148|-1700.228|1015.512|0.000|0.000|89.500
ObjData_30 = 2313|2494.156|-1704.289|1013.761|0.000|0.000|90.299
ObjData_31 = 19173|2493.924|-1695.194|1015.471|0.000|0.000|-91.699
ObjData_32 = 2165|2491.140|-1700.443|1017.432|0.000|0.000|0.000
ObjData_33 = 2026|2491.777|-1702.307|1017.282|0.000|0.000|0.000
