[data]
Nombre = Suck Ma' Dick
Dueño = James_Dust
Contraseña = 152043989
Dinero = 0
Precio = 45000
VirtualWorld = 427
Interior = 2
Comprada = true
Cerrada = true
Entrada_x = 2243.894775
Entrada_y = -1408.153198
Entrada_z = 24.000000
Salida_x = 266.668243
Salida_y = 305.075042
Salida_z = 999.148437
Familia = 0
Contraseña_puerta = 6543
Arm0 = 73
ArmD0 = 156
ObjData_0 = 1723|271.708|305.310|998.108|0.000|0.000|0.000
ObjData_1 = 2313|273.677|302.610|998.198|0.000|0.000|-176.199
ObjData_2 = 2300|0.000|0.000|0.000|0.000|0.000|0.000
ObjData_3 = 2149|269.970|302.314|999.378|0.000|0.000|-177.899
ObjData_4 = 2316|273.607|302.529|999.022|-0.399|-1.399|-152.299
ObjData_5 = 2141|271.006|302.502|998.177|0.000|0.000|-175.699
ObjData_6 = 2132|269.972|302.601|998.178|0.000|-0.299|-178.000
ObjData_7 = 2112|269.402|304.843|998.565|0.000|0.000|0.000
ObjData_8 = 2120|269.339|305.660|998.714|0.000|0.000|89.898
ObjData_9 = 2525|266.546|302.775|998.218|0.000|0.000|-178.900
ObjData_10 = 2165|268.829|308.365|998.168|0.000|0.000|0.000
ObjData_11 = 19317|272.840|302.092|1000.505|179.000|-129.300|0.000
ObjData_12 = 2356|269.477|307.201|998.138|0.000|0.000|0.000
ObjData_13 = 2527|267.873|303.506|998.218|0.000|0.000|-177.299
ObjData_14 = 1409|266.520|306.333|998.178|0.000|0.000|0.000
ObjData_15 = 1208|267.423|307.590|998.148|0.000|0.000|-136.399
ObjData_16 = 1828|268.178|305.037|998.128|0.000|0.000|0.000
ObjData_17 = 16779|270.250|305.278|1002.239|0.000|0.000|0.000
ObjData_18 = 1817|272.265|303.399|998.145|0.000|0.000|0.000
ObjData_19 = 19172|269.091|302.092|1001.018|0.000|0.000|-179.999
ObjData_20 = 19173|274.215|304.750|1000.878|0.000|0.000|-88.200
ObjData_21 = 2299|271.133|305.839|998.075|0.000|0.000|0.000
ObjData_22 = 1738|266.445|306.347|998.785|0.000|0.000|87.899
ObjData_23 = 2028|272.556|302.570|998.755|0.000|0.000|-176.500
ObjData_24 = 2120|268.845|304.964|998.748|0.000|0.000|-179.300
ObjData_25 = 2779|273.530|306.361|998.248|0.000|0.000|-91.200
Arm1 = 0
ArmD1 = 0
Arm2 = 17
ArmD2 = 100
Arm3 = 0
ArmD3 = 0
Arm4 = 0
ArmD4 = 0
Arm5 = 0
ArmD5 = 0
Arm6 = 0
ArmD6 = 0
Arm7 = 0
ArmD7 = 0
Arm8 = 0
ArmD8 = 0
Arm9 = 0
ArmD9 = 0
Arm10 = 0
ArmD10 = 0
Arm11 = 0
ArmD11 = 0
ObjData_26 = 1502|0.000|0.000|0.000|0.000|0.000|0.000
Transferida = James_Dust
