[data]
Nombre = En venta 570383
Dueño = Vladimir_Koslov
Contraseña = 0
Dinero = 0
Precio = 68000
VirtualWorld = 428
Interior = 2
Comprada = true
Cerrada = false
Entrada_x = 2230.702148
Entrada_y = -1408.046508
Entrada_z = 24.000000
Salida_x = 266.668243
Salida_y = 305.075042
Salida_z = 999.148437
Familia = 0
Contraseña_puerta = 1926
Arm0 = 0
ArmD0 = 0
ObjData_0 = 2356|272.280|306.817|998.155|0.000|0.000|-42.401
ObjData_1 = 2298|267.869|305.277|998.287|-1.399|-0.199|0.500
ObjData_2 = 2112|269.150|304.656|998.578|0.000|0.000|0.000
ObjData_3 = 2165|272.565|307.930|998.227|-1.098|-0.300|-41.800
ObjData_4 = 1828|269.440|304.896|998.128|0.000|0.000|178.600
ObjData_5 = 2103|270.970|308.728|999.495|0.899|0.000|-9.701
Arm1 = 0
ArmD1 = 0
Arm2 = 0
ArmD2 = 0
Arm3 = 0
ArmD3 = 0
ObjData_6 = 1409|0.000|0.000|0.000|0.000|0.000|0.000
ObjData_7 = 2316|271.009|302.399|1000.974|3.499|0.000|-163.600
ObjData_8 = 1724|0.000|0.000|0.000|-0.097|-1.000|43.200
ObjData_9 = 19386|0.000|0.000|0.000|0.000|0.000|0.000
ObjData_10 = 2779|0.000|0.000|0.000|-3.199|0.000|-178.500
ObjData_11 = 19173|274.222|303.993|1000.365|0.000|0.000|-89.099
ObjData_12 = 16779|270.650|305.413|1002.248|0.000|0.000|0.000
Arm4 = 0
ArmD4 = 0
Arm5 = 0
ArmD5 = 0
Arm6 = 0
ArmD6 = 0
Arm7 = 0
ArmD7 = 0
Arm8 = 0
ArmD8 = 0
Arm9 = 0
ArmD9 = 0
ObjData_13 = 1817|0.000|0.000|0.000|0.000|0.000|0.000
ObjData_14 = 2161|270.711|308.946|998.135|0.000|0.000|0.000
ObjData_15 = 1723|0.000|0.000|0.000|0.000|0.000|178.798
ObjData_16 = 1808|271.324|302.277|998.158|0.000|0.000|179.500
ObjData_17 = 1502|272.472|304.626|998.158|0.000|0.000|4.499
ObjData_18 = 19354|271.728|302.941|999.918|0.000|0.000|0.000
ObjData_19 = 2149|266.674|302.449|999.378|0.000|0.000|126.999
ObjData_20 = 2525|273.834|302.651|998.164|0.000|0.000|-175.699
ObjData_21 = 2524|273.709|304.136|998.205|0.000|0.000|-90.700
ObjData_22 = 2141|269.791|302.534|998.095|0.000|0.000|179.099
ObjData_23 = 2132|268.796|302.612|998.148|0.000|0.000|178.699
ObjData_24 = 2526|272.188|303.780|998.148|0.000|0.000|-88.599
ObjData_25 = 2134|0.000|0.000|0.000|0.000|0.000|174.599
ObjData_26 = 2133|266.809|302.671|998.156|0.000|0.000|178.300
ObjData_27 = 19384|273.230|304.740|999.919|0.000|0.000|-85.899
ObjData_28 = 2137|0.000|0.000|0.000|0.000|0.000|-178.700
ObjData_29 = 2139|0.000|0.000|0.000|0.000|0.000|0.000
ObjData_30 = 2120|270.853|304.631|998.805|0.000|0.000|0.000
ObjData_31 = 2120|267.441|304.685|998.785|0.000|0.000|-179.100
ObjData_32 = 2120|0.000|0.000|0.000|0.000|0.000|0.000
ObjData_33 = 2120|0.000|0.000|0.000|0.000|0.000|0.000
Transferida = 
