[data]
Nombre = * Sweet Home *
Dueño = Diana_Pachecco
Contraseña = 70648122
Dinero = 0
Precio = 20000
VirtualWorld = 429
Interior = 2
Comprada = true
Cerrada = true
Entrada_x = 1179.888671
Entrada_y = -1261.005371
Entrada_z = 18.898437
Salida_x = 266.668243
Salida_y = 305.075042
Salida_z = 999.148437
Familia = 0
Contraseña_puerta = 2809
Arm0 = 0
ArmD0 = 0
ObjData_0 = 2313|0.000|0.000|0.000|0.000|0.000|-178.100
ObjData_1 = 2316|266.040|303.031|1000.218|0.000|0.000|90.598
ObjData_2 = 2028|266.533|303.684|998.758|0.699|0.000|19.700
ObjData_3 = 2298|270.418|304.130|998.165|0.000|0.000|-89.899
ObjData_4 = 2069|274.042|305.791|998.205|0.000|0.000|0.000
ObjData_5 = 2069|267.441|307.701|997.557|0.000|0.000|0.000
ObjData_6 = 2030|267.468|307.684|998.558|0.000|0.000|0.000
ObjData_7 = 2079|268.587|307.608|998.756|0.000|2.800|-11.300
ObjData_8 = 2079|267.044|306.678|998.823|0.000|-0.299|-107.998
ObjData_9 = 2167|271.815|306.031|998.148|0.000|0.000|178.798
ObjData_10 = 1702|270.346|302.588|998.138|0.000|0.000|179.000
ObjData_11 = 1828|269.130|304.721|998.132|0.000|0.000|0.000
ObjData_12 = 19173|269.409|302.075|1000.505|0.000|0.000|-0.100
ObjData_13 = 2135|270.925|308.664|998.114|0.000|0.000|-1.200
ObjData_14 = 2140|271.878|308.649|998.134|0.000|0.000|0.801
ObjData_15 = 2136|268.949|308.713|998.114|0.000|0.000|-1.498
ObjData_16 = 2133|273.775|305.028|998.210|0.000|0.300|-89.899
ObjData_17 = 19402|0.000|0.000|0.000|-0.097|89.799|89.698
ObjData_18 = 19356|0.000|0.000|0.000|0.000|0.000|-89.000
ObjData_19 = 19356|272.998|306.110|997.914|0.000|0.000|-89.400
ObjData_20 = 19356|0.000|0.000|0.000|0.000|0.000|0.799
ObjData_21 = 19356|0.000|0.000|0.000|0.098|-89.999|-90.301
ObjData_22 = 19356|0.000|0.000|0.000|0.000|-92.699|0.000
ObjData_23 = 19356|0.000|0.000|0.000|-88.899|0.499|-90.098
ObjData_24 = 19356|0.000|0.000|0.000|-0.800|90.000|0.000
ObjData_25 = 19356|0.000|0.000|0.000|0.000|89.699|0.000
ObjData_26 = 19356|0.000|0.000|0.000|0.000|-91.000|0.000
ObjData_27 = 2079|268.305|306.489|998.818|0.299|-2.999|-52.600
Arm1 = 0
ArmD1 = 0
Arm2 = 0
ArmD2 = 0
Arm3 = 0
ArmD3 = 0
Arm4 = 0
ArmD4 = 0
Arm5 = 0
ArmD5 = 0
Arm6 = 79
ArmD6 = 0
Arm7 = 0
ArmD7 = 0
Arm8 = 72
ArmD8 = 4441
Arm9 = 0
ArmD9 = 0
ObjData_28 = 19448|0.000|0.000|0.000|0.000|0.000|0.000
ObjData_29 = 19448|0.000|0.000|0.000|0.000|-93.299|0.000
ObjData_30 = 19448|0.000|0.000|0.000|0.000|-90.900|0.000
ObjData_31 = 19448|0.000|0.000|0.000|0.000|0.000|91.400
ObjData_32 = 19448|0.000|0.000|0.000|0.000|0.000|0.000
ObjData_33 = 19448|0.000|0.000|0.000|0.000|0.000|0.000
ObjData_34 = 2313|266.718|302.309|998.148|0.000|0.000|90.699
ObjData_35 = 2312|0.000|0.000|0.000|0.000|0.000|175.299
Arm10 = 0
ArmD10 = 0
Arm11 = 0
ArmD11 = 0
ObjData_36 = 2103|266.680|302.651|998.728|0.000|0.000|107.000
ObjData_37 = 2149|269.283|308.732|999.294|0.000|0.000|21.500
ObjData_38 = 2527|0.000|0.000|0.000|0.000|0.000|-1.799
ObjData_39 = 2524|0.000|0.000|0.000|0.000|0.000|88.400
ObjData_40 = 2525|0.000|0.000|0.000|0.000|0.000|-88.999
ObjData_41 = 19172|274.256|303.879|1000.918|0.000|0.000|-89.599
ObjData_42 = 1502|0.000|0.000|0.000|0.000|0.000|0.000
ObjData_43 = 1502|0.000|0.000|0.000|0.000|0.000|55.798
ObjData_44 = 1742|273.135|301.943|999.828|0.000|0.000|-179.199
ObjData_45 = 19386|0.000|0.000|0.000|0.600|0.199|-91.599
ObjData_46 = 19386|0.000|0.000|0.000|0.000|0.000|-35.599
Transferida = 
