[data]
Nombre = [Morada] [Cristtian]
Dueño = Cristian_Ruiz
Contraseña = 0
Dinero = 0
Precio = 20000
VirtualWorld = 430
Interior = 2
Comprada = true
Cerrada = true
Entrada_x = 1187.442626
Entrada_y = -1260.927001
Entrada_z = 18.898437
Salida_x = 266.668243
Salida_y = 305.075042
Salida_z = 999.148437
Familia = 0
Contraseña_puerta = 1204
Arm0 = 0
ArmD0 = 0
ObjData_0 = 19354|274.247|303.726|999.948|0.000|0.000|0.000
ObjData_1 = 19354|274.267|306.885|999.928|0.000|0.000|0.000
ObjData_2 = 19427|272.702|308.166|999.935|0.000|0.000|49.299
ObjData_3 = 2165|0.000|0.000|0.000|0.000|-0.300|-95.099
ObjData_4 = 19384|271.022|305.342|999.866|0.099|0.600|84.699
ObjData_5 = 2527|273.664|303.799|998.105|0.000|0.000|177.799
ObjData_6 = 2525|273.607|304.514|998.537|0.000|0.000|-96.599
ObjData_7 = 2524|0.000|0.000|0.000|0.000|0.000|0.000
ObjData_8 = 0|0.000|0.000|0.000|0.000|0.000|0.000
ObjData_9 = 0|0.000|0.000|0.000|0.000|0.000|0.000
Arm1 = 0
ArmD1 = 0
Arm2 = 0
ArmD2 = 0
Arm3 = 0
ArmD3 = 0
Arm4 = 0
ArmD4 = 0
Arm5 = 0
ArmD5 = 0
Arm6 = 0
ArmD6 = 0
Arm7 = 0
ArmD7 = 0
Arm8 = 0
ArmD8 = 0
Arm9 = 0
ArmD9 = 0
ObjData_10 = 2130|271.682|302.551|998.095|0.000|0.000|179.500
ObjData_11 = 1502|272.629|304.985|998.148|0.000|0.000|-2.199
ObjData_12 = 2128|0.000|0.000|0.000|0.000|0.000|-87.098
ObjData_13 = 2129|269.689|302.587|998.105|0.000|0.000|-179.899
ObjData_14 = 19173|0.000|0.000|0.000|0.000|0.000|88.000
ObjData_15 = 1727|0.000|0.000|0.000|0.000|0.000|48.500
ObjData_16 = 2356|267.113|303.199|998.158|0.000|0.000|-128.800
ObjData_17 = 2128|271.647|302.618|998.171|0.000|0.000|177.300
ObjData_18 = 2779|271.691|304.752|998.237|-1.800|0.000|-97.599
ObjData_19 = 2112|268.594|304.690|998.605|0.000|0.000|0.000
ObjData_20 = 2121|0.000|0.000|0.000|0.000|0.000|0.699
ObjData_21 = 1717|267.898|305.851|999.578|0.000|0.000|51.500
ObjData_22 = 1726|0.000|0.000|0.000|0.000|0.000|-0.200
ObjData_23 = 2300|269.335|305.000|998.202|-0.899|0.999|-3.399
ObjData_24 = 2964|0.000|0.000|0.000|0.000|0.000|-3.500
ObjData_25 = 1828|0.000|0.000|0.000|0.000|0.299|0.000
ObjData_26 = 19317|0.000|0.000|0.000|0.000|46.199|170.998
ObjData_27 = 2167|272.750|307.466|998.285|0.000|0.000|-46.799
ObjData_28 = 2161|0.000|0.000|0.000|0.000|0.000|177.998
Arm10 = 0
ArmD10 = 0
Arm11 = 0
ArmD11 = 0
Transferida = Cristian_Ruiz
ObjData_29 = 19172|0.000|0.000|0.000|0.000|0.000|0.000
ObjData_30 = 19400|267.837|305.607|999.878|0.000|0.000|85.499
ObjData_31 = 19354|272.387|303.611|999.889|-0.199|0.299|-5.099
ObjData_32 = 1502|0.000|0.000|0.000|0.000|0.000|0.000
ObjData_33 = 19384|0.000|0.000|0.000|0.000|0.000|0.000
ObjData_34 = 19354|270.492|308.793|999.893|-0.700|-1.700|86.900
ObjData_35 = 2517|0.000|0.000|0.000|0.000|0.000|0.000
ObjData_36 = 2165|267.813|302.588|998.168|0.000|0.000|-179.799
ObjData_37 = 2069|0.000|0.000|0.000|0.000|0.000|0.000
ObjData_38 = 1808|0.000|0.000|0.000|0.000|0.000|0.000
ObjData_39 = 1502|0.000|0.000|0.000|0.000|0.000|0.000
ObjData_40 = 19317|0.000|0.000|0.000|0.000|0.000|0.000
ObjData_41 = 2528|0.000|0.000|0.000|0.000|0.000|0.000
ObjData_42 = 2518|0.000|0.000|0.000|0.000|0.000|0.000
ObjData_43 = 19427|273.856|307.039|999.925|0.000|0.000|41.000
ObjData_44 = 19427|268.264|308.371|999.871|0.300|-2.699|124.999
ObjData_45 = 19166|0.000|0.000|0.000|0.000|0.000|0.000
ObjData_46 = 2013|0.000|0.000|0.000|0.000|0.000|0.000
ObjData_47 = 2149|0.000|0.000|0.000|0.000|0.000|0.000
ObjData_48 = 2200|267.321|306.493|998.192|0.000|0.000|77.099
