[data]
Nombre = casa de putas
Dueño = Abraham_Camacho
Contraseña = 203031123
Dinero = 0
Precio = 20000
VirtualWorld = 431
Interior = 2
Comprada = true
Cerrada = true
Entrada_x = 1187.357421
Entrada_y = -1254.694335
Entrada_z = 18.890762
Salida_x = 266.668243
Salida_y = 305.075042
Salida_z = 999.148437
Familia = 0
Contraseña_puerta = 416
Arm0 = 17
ArmD0 = 100
ObjData_0 = 2301|270.608|303.573|998.195|0.000|0.000|-91.199
ObjData_1 = 2779|0.000|0.000|0.000|0.000|0.000|-86.399
ObjData_2 = 0|0.000|0.000|0.000|0.000|0.000|0.000
ObjData_3 = 2165|0.000|0.000|0.000|0.500|0.098|42.298
ObjData_4 = 2356|0.000|0.000|0.000|1.199|-0.598|43.200
ObjData_5 = 2120|0.000|0.000|0.000|0.000|0.000|172.100
ObjData_6 = 2120|0.000|0.000|0.000|0.000|0.000|0.000
ObjData_7 = 2120|0.000|0.000|0.000|-0.898|-6.698|-100.400
ObjData_8 = 2120|0.000|0.000|0.000|0.000|0.000|90.099
ObjData_9 = 2115|0.000|0.000|0.000|3.198|-0.598|89.198
ObjData_10 = 2028|0.000|0.000|0.000|0.000|0.000|0.000
ObjData_11 = 2313|0.000|0.000|0.000|0.000|0.000|0.000
ObjData_12 = 2115|0.000|0.000|0.000|0.000|0.000|0.000
ObjData_13 = 0|0.000|0.000|0.000|0.000|0.000|0.000
ObjData_14 = 2161|0.000|0.000|0.000|0.000|0.000|0.000
ObjData_15 = 0|0.000|0.000|0.000|0.000|0.000|0.000
ObjData_16 = 19356|0.000|0.000|0.000|0.000|0.000|-43.599
ObjData_17 = 19317|0.000|0.000|0.000|0.000|-41.199|-94.698
ObjData_18 = 1502|0.000|0.000|0.000|0.000|0.000|84.899
ObjData_19 = 0|0.000|0.000|0.000|0.000|0.000|0.000
ObjData_20 = 2526|0.000|0.000|0.000|0.000|-0.299|-175.999
ObjData_21 = 1761|0.000|0.000|0.000|2.500|-0.100|-179.199
ObjData_22 = 1409|0.000|0.000|0.000|0.000|0.000|0.000
ObjData_23 = 0|0.000|0.000|0.000|0.000|0.000|0.000
ObjData_24 = 0|0.000|0.000|0.000|0.000|0.000|0.000
ObjData_25 = 0|0.000|0.000|0.000|0.000|0.000|0.000
Arm1 = 85
ArmD1 = 4
Arm2 = 9
ArmD2 = 30
Arm3 = 0
ArmD3 = 0
Arm4 = 0
ArmD4 = 0
Arm5 = 0
ArmD5 = 0
Arm6 = 0
ArmD6 = 0
Arm7 = 0
ArmD7 = 0
ObjData_26 = 19400|0.000|0.000|0.000|1.400|-3.699|-90.200
ObjData_27 = 1502|0.000|0.000|0.000|0.000|0.000|0.000
ObjData_28 = 19173|0.000|0.000|0.000|0.000|0.000|-0.199
ObjData_29 = 0|0.000|0.000|0.000|0.000|0.000|0.000
ObjData_30 = 19166|0.000|0.000|0.000|-89.699|-22.699|-23.599
ObjData_31 = 1808|0.000|0.000|0.000|0.000|0.000|-88.399
ObjData_32 = 1502|0.000|0.000|0.000|0.000|0.000|0.000
ObjData_33 = 19384|0.000|0.000|0.000|0.699|0.000|178.100
ObjData_34 = 2316|0.000|0.000|0.000|0.000|0.000|0.000
ObjData_35 = 0|0.000|0.000|0.000|0.000|0.000|0.000
ObjData_36 = 1502|0.000|0.000|0.000|0.000|0.199|46.000
ObjData_37 = 0|0.000|0.000|0.000|0.000|0.000|0.000
ObjData_38 = 19384|266.173|304.928|999.937|0.000|0.000|0.000
ObjData_39 = 19400|0.000|0.000|0.000|0.599|-0.299|-44.599
ObjData_40 = 19400|0.000|0.000|0.000|0.000|0.000|0.000
Transferida = 
