[data]
Nombre = ...........
Dueño = Alexander_Lopez
Contraseña = 158794214
Dinero = 0
Precio = 20000
VirtualWorld = 432
Interior = 2
Comprada = true
Cerrada = true
Entrada_x = 1179.807373
Entrada_y = -1254.795410
Entrada_z = 18.890762
Salida_x = 266.668243
Salida_y = 305.075042
Salida_z = 999.148437
Familia = 0
Contraseña_puerta = 1905
Arm0 = 0
ArmD0 = 0
ObjData_0 = 1962|0.000|0.000|0.000|0.000|0.000|0.000
ObjData_1 = 16779|270.360|304.985|1002.238|0.000|0.000|0.000
ObjData_2 = 2165|267.778|307.680|998.164|0.000|0.000|40.099
ObjData_3 = 2086|0.000|0.000|0.000|0.000|0.000|0.000
ObjData_4 = 19173|274.228|304.400|1001.319|0.000|0.000|89.900
ObjData_5 = 19317|274.240|304.509|1000.188|2.300|-52.499|-90.299
ObjData_6 = 2069|0.000|0.000|0.000|0.000|0.000|-90.100
ObjData_7 = 2525|273.772|304.870|998.117|0.000|0.000|0.000
ObjData_8 = 2322|266.693|307.364|1001.802|0.000|0.000|80.300
ObjData_9 = 2298|0.000|0.000|0.000|0.000|0.000|-85.399
ObjData_10 = 2079|0.000|0.000|0.000|0.000|0.999|11.500
ObjData_11 = 1808|0.000|0.000|0.000|1.399|-1.000|62.999
ObjData_12 = 2356|268.502|307.503|998.134|0.000|0.000|34.499
ObjData_13 = 2313|266.493|304.218|1001.307|34.899|0.000|88.099
ObjData_14 = 2261|0.000|0.000|0.000|-0.200|-0.598|-178.399
ObjData_15 = 1735|0.000|0.000|0.000|0.000|0.000|0.000
ObjData_16 = 19172|269.746|302.099|1000.568|0.000|0.000|-179.200
ObjData_17 = 2266|0.000|0.000|0.000|0.000|0.000|0.000
ObjData_18 = 2299|268.518|308.493|997.887|0.000|1.200|-87.199
ObjData_19 = 2527|272.051|304.100|998.134|0.000|0.000|0.000
ObjData_20 = 1840|0.000|0.000|0.000|0.000|0.000|0.000
ObjData_21 = 1840|0.000|0.000|0.000|0.000|0.000|0.000
ObjData_22 = 1702|270.962|302.614|998.194|0.100|0.000|179.399
ObjData_23 = 1724|0.000|0.000|0.000|1.899|0.000|48.397
ObjData_24 = 2096|272.601|307.644|998.163|-3.999|3.300|-53.099
ObjData_25 = 19354|272.767|305.553|999.828|0.000|0.000|-89.199
ObjData_26 = 1724|268.574|302.557|998.095|0.799|-0.699|-178.499
ObjData_27 = 2069|0.000|0.000|0.000|0.000|0.000|0.000
ObjData_28 = 1717|0.000|0.000|0.000|0.000|0.000|0.000
ObjData_29 = 2028|0.000|0.000|0.000|0.000|0.000|0.000
ObjData_30 = 19354|266.598|305.977|999.739|0.000|0.000|86.600
Arm1 = 0
ArmD1 = 0
Arm2 = 0
ArmD2 = 0
Arm3 = 0
ArmD3 = 0
Arm4 = 0
ArmD4 = 0
Arm5 = 0
ArmD5 = 0
Arm6 = 0
ArmD6 = 0
Arm7 = 0
ArmD7 = 0
Arm8 = 0
ArmD8 = 0
Transferida = Alexander_Lopez
Arm9 = 0
ArmD9 = 0
Arm10 = 0
ArmD10 = 0
Arm11 = 0
ArmD11 = 0
ObjData_31 = 19354|0.000|0.000|0.000|0.000|0.000|88.599
ObjData_32 = 1946|0.000|0.000|0.000|0.000|0.000|0.000
ObjData_33 = 19384|271.237|304.008|999.809|0.000|0.000|0.000
ObjData_34 = 1502|268.990|305.740|997.997|0.000|0.000|-1.699
ObjData_35 = 1502|271.136|304.791|998.137|0.000|0.000|-89.000
ObjData_36 = 2524|272.882|302.817|998.148|0.000|0.000|178.599
ObjData_37 = 19384|269.753|305.782|999.759|0.000|0.000|86.400
