[data]
Nombre = Ca_Pinto
Dueño = Jake_Brown
Contraseña = 32637127
Dinero = 0
Precio = 20000
VirtualWorld = 433
Interior = 2
Comprada = true
Cerrada = false
Entrada_x = 1179.809936
Entrada_y = -1254.859863
Entrada_z = 15.179677
Salida_x = 266.668243
Salida_y = 305.075042
Salida_z = 999.148437
Familia = 0
Contraseña_puerta = 1234
Arm0 = 0
ArmD0 = 0
Transferida = 
Arm1 = 0
ArmD1 = 0
Arm2 = 0
ArmD2 = 0
Arm3 = 0
ArmD3 = 0
Arm4 = 0
ArmD4 = 0
