[data]
Nombre = Seig Heil
Dueño = Luis_Cipriani
Contraseña = 3276850
Dinero = 0
Precio = 20000
VirtualWorld = 434
Interior = 2
Comprada = true
Cerrada = true
Entrada_x = 1187.357055
Entrada_y = -1254.643920
Entrada_z = 15.179677
Salida_x = 266.668243
Salida_y = 305.075042
Salida_z = 999.148437
Familia = 0
Contraseña_puerta = 7890
Arm0 = 18
ArmD0 = 1
ObjData_0 = 2298|0.000|0.000|0.000|-0.400|0.599|94.200
ObjData_1 = 1649|266.571|306.346|999.785|0.000|0.000|-18.100
ObjData_2 = 1649|266.668|306.372|999.788|0.000|0.000|163.399
ObjData_3 = 0|0.000|0.000|0.000|0.000|0.000|0.000
ObjData_4 = 2167|274.365|305.999|998.168|0.000|0.000|-78.299
ObjData_5 = 0|0.000|0.000|0.000|0.000|0.000|0.000
ObjData_6 = 2069|0.000|0.000|0.000|0.000|0.000|0.000
ObjData_7 = 2165|272.712|307.778|998.145|0.000|0.000|-43.099
ObjData_8 = 2356|272.887|306.978|998.155|0.000|0.000|-45.900
ObjData_9 = 1828|270.215|307.336|998.128|0.000|0.000|0.000
ObjData_10 = 19172|270.241|305.794|1000.358|0.000|0.000|179.300
ObjData_11 = 0|0.000|0.000|0.000|0.000|0.000|0.000
ObjData_12 = 2069|271.534|306.026|998.157|0.000|0.000|0.000
ObjData_13 = 2069|0.000|0.000|0.000|0.000|0.000|0.000
ObjData_14 = 16779|0.000|0.000|0.000|0.000|0.000|0.000
ObjData_15 = 19166|0.000|0.000|0.000|89.597|1.399|-90.598
ObjData_16 = 2525|0.000|0.000|0.000|0.000|0.000|-89.698
ObjData_17 = 19317|268.140|302.145|1000.054|2.100|30.799|-178.000
Arm1 = 0
ArmD1 = 0
Arm2 = 0
ArmD2 = 0
Arm3 = 0
ArmD3 = 0
Arm4 = 0
ArmD4 = 0
ObjData_18 = 19354|270.210|305.697|999.905|0.000|0.000|-91.200
ObjData_19 = 19384|266.249|304.999|999.898|0.000|0.000|0.000
ObjData_20 = 2139|270.067|305.075|998.035|0.000|0.199|-0.999
ObjData_21 = 2139|271.052|305.051|998.038|0.000|0.000|-1.499
ObjData_22 = 2140|272.030|305.026|998.025|0.000|0.000|-3.098
ObjData_23 = 0|0.000|0.000|0.000|0.000|0.000|0.000
ObjData_24 = 2313|270.751|306.174|998.168|0.000|0.000|178.499
ObjData_25 = 2115|269.899|302.614|998.158|0.000|0.000|0.000
ObjData_26 = 2120|269.419|302.638|998.788|0.000|0.000|177.699
ObjData_27 = 2120|271.349|302.644|998.808|0.000|0.000|0.000
ObjData_28 = 2120|270.298|303.006|998.748|0.000|0.000|88.200
ObjData_29 = 2312|270.078|306.425|999.113|0.899|0.000|178.800
ObjData_30 = 1724|267.591|306.891|998.158|0.000|0.000|71.399
ObjData_31 = 1723|269.301|308.562|998.128|0.000|0.000|0.000
ObjData_32 = 2527|0.000|0.000|0.000|0.000|0.000|-178.699
ObjData_33 = 2524|0.000|0.000|0.000|0.000|0.000|0.000
ObjData_34 = 2137|269.085|305.107|998.038|0.000|0.000|-1.998
Arm5 = 0
ArmD5 = 0
Arm6 = 0
ArmD6 = 0
Arm7 = 0
ArmD7 = 0
Arm8 = 0
ArmD8 = 0
Arm9 = 0
ArmD9 = 0
Arm10 = 0
ArmD10 = 0
Arm11 = 0
ArmD11 = 0
ObjData_35 = 19384|273.301|305.131|999.885|0.000|0.000|70.699
ObjData_36 = 19354|267.899|302.045|999.908|0.000|0.000|-89.799
ObjData_37 = 19354|271.102|302.050|999.885|0.000|0.000|-89.999
Transferida = 
