[data]
Nombre = Studio Mike Zuniga
Dueño = Mike_Zuniga
Contraseña = 19726487
Dinero = 0
Precio = 60000
VirtualWorld = 436
Interior = 2
Comprada = true
Cerrada = true
Entrada_x = 1187.438964
Entrada_y = -1260.992919
Entrada_z = 15.179677
Salida_x = 266.668243
Salida_y = 305.075042
Salida_z = 999.148437
Familia = 0
Contraseña_puerta = 8456
Arm0 = 0
ArmD0 = 0
ObjData_0 = 2165|267.022|306.834|998.108|0.000|0.000|47.700
ObjData_1 = 2161|0.000|0.000|0.000|0.000|0.000|0.000
ObjData_2 = 2298|0.000|0.000|0.000|0.000|0.000|-88.799
ObjData_3 = 2149|0.000|0.000|0.000|-1.100|0.000|179.399
ObjData_4 = 2524|0.000|0.000|0.000|0.000|0.000|-177.699
ObjData_5 = 2135|0.000|0.000|0.000|0.000|0.000|1.799
ObjData_6 = 1828|269.067|305.212|998.148|0.000|0.000|0.000
ObjData_7 = 19385|270.681|303.870|999.720|-90.700|174.499|-8.500
ObjData_8 = 1502|270.785|307.470|998.158|0.000|0.000|86.599
ObjData_9 = 19357|0.000|0.000|0.000|-2.399|-88.100|93.099
ObjData_10 = 19357|0.000|0.000|0.000|0.000|0.098|89.300
ObjData_11 = 2136|0.000|0.000|0.000|0.000|0.000|1.500
ObjData_12 = 2525|0.000|0.000|0.000|0.000|0.000|88.500
ObjData_13 = 2140|0.000|0.000|0.000|1.098|-90.098|0.699
ObjData_14 = 2086|0.000|0.000|0.000|0.000|0.000|0.000
ObjData_15 = 2140|0.000|0.000|0.000|1.399|89.900|-90.399
ObjData_16 = 2140|0.000|0.000|0.000|0.000|89.899|0.499
ObjData_17 = 2069|0.000|0.000|0.000|0.000|0.000|0.000
ObjData_18 = 19173|0.000|0.000|0.000|0.000|0.000|89.900
ObjData_19 = 2316|0.000|0.000|0.000|0.000|0.000|90.299
Arm1 = 0
ArmD1 = 0
Arm2 = 0
ArmD2 = 0
Arm3 = 0
ArmD3 = 0
Arm4 = 0
ArmD4 = 0
Arm5 = 0
ArmD5 = 0
Arm6 = 0
ArmD6 = 0
Arm7 = 0
ArmD7 = 0
Arm8 = 0
ArmD8 = 0
Arm9 = 0
ArmD9 = 0
Arm10 = 0
ArmD10 = 0
ObjData_20 = 2313|0.000|0.000|0.000|0.000|0.000|89.799
ObjData_21 = 1817|0.000|0.000|0.000|0.000|0.000|89.099
ObjData_22 = 1840|272.559|303.111|999.155|0.000|62.699|175.800
ObjData_23 = 19384|0.000|0.000|0.000|0.000|0.000|0.000
ObjData_24 = 1840|272.536|302.384|999.162|1.700|61.599|178.399
ObjData_25 = 16779|268.332|303.408|1002.238|0.000|0.000|0.000
ObjData_26 = 1808|268.211|308.243|998.088|0.000|0.000|0.000
ObjData_27 = 1840|272.669|305.285|999.155|0.000|65.500|176.900
ObjData_28 = 19317|269.179|302.080|1000.194|1.699|-46.399|175.000
ObjData_29 = 19401|0.000|0.000|0.000|0.000|0.000|0.000
ObjData_30 = 19401|0.000|0.000|0.000|0.000|0.000|-0.899
ObjData_31 = 19430|272.430|303.811|999.193|-0.099|-89.300|88.400
ObjData_32 = 19449|0.000|0.000|0.000|3.500|93.500|-3.199
ObjData_33 = 2103|272.126|304.206|999.296|-0.500|-0.500|86.200
ObjData_34 = 1839|273.120|304.292|999.050|-0.499|82.500|177.999
ObjData_35 = 1839|273.119|303.513|999.079|0.300|86.000|177.499
ObjData_36 = 19385|270.741|304.878|999.748|-90.200|0.499|-2.400
ObjData_37 = 19385|270.802|308.210|999.908|0.000|0.000|0.000
ObjData_38 = 19428|271.631|303.820|998.465|89.599|2.600|-3.799
ObjData_39 = 1649|270.626|304.216|999.118|0.000|0.000|-93.399
ObjData_40 = 2356|268.698|305.693|998.347|0.000|0.000|46.799
Arm11 = 0
ArmD11 = 0
Transferida = 
