[data]
Nombre = La Cuagliarela
Dueño = Pablo_Cipriani
Contraseña = 34341077
Dinero = 0
Precio = 20000
VirtualWorld = 437
Interior = 2
Comprada = true
Cerrada = true
Entrada_x = 1187.442504
Entrada_y = -1233.273681
Entrada_z = 18.554687
Salida_x = 266.668243
Salida_y = 305.075042
Salida_z = 999.148437
Familia = 0
Contraseña_puerta = 1530
Arm0 = 2
ArmD0 = 17
ObjData_0 = 16779|269.887|305.977|1002.248|0.000|0.000|0.000
ObjData_1 = 1649|0.000|0.000|0.000|0.000|0.000|-89.400
ObjData_2 = 2165|271.959|305.155|998.135|0.000|0.000|3.200
ObjData_3 = 2086|0.000|0.000|0.000|1.099|2.100|1.500
ObjData_4 = 19173|274.135|304.222|1000.315|0.000|0.000|-82.900
ObjData_5 = 1840|267.100|302.679|998.621|0.000|0.000|-97.199
ObjData_6 = 1840|268.538|302.849|998.692|0.000|0.000|-75.799
ObjData_7 = 1702|266.760|306.678|998.108|0.000|0.000|45.300
ObjData_8 = 1705|0.000|0.000|0.000|1.498|0.000|-42.199
ObjData_9 = 1705|0.000|0.000|0.000|0.000|0.000|0.000
ObjData_10 = 2356|272.588|304.813|998.158|0.000|0.000|0.000
ObjData_11 = 19354|269.256|306.903|999.885|0.000|0.000|0.000
ObjData_12 = 19354|271.408|307.167|999.898|0.000|0.000|0.000
ObjData_13 = 19354|279.037|306.587|999.248|0.000|0.000|0.000
ObjData_14 = 19427|272.319|305.846|999.815|0.000|0.000|92.200
ObjData_15 = 19427|0.000|0.000|0.000|0.000|0.000|0.000
ObjData_16 = 19355|0.000|0.000|0.000|0.000|0.000|0.000
ObjData_17 = 19401|0.000|0.000|0.000|0.000|0.000|0.000
ObjData_18 = 19427|0.000|0.000|0.000|0.000|0.000|0.000
ObjData_19 = 2313|268.381|302.768|998.168|0.000|0.000|-178.599
Arm1 = 0
ArmD1 = 0
Arm2 = 0
ArmD2 = 0
Arm3 = 0
ArmD3 = 0
Arm4 = 0
ArmD4 = 0
Arm5 = 0
ArmD5 = 0
Arm6 = 0
ArmD6 = 0
Arm7 = 0
ArmD7 = 0
Arm8 = 0
ArmD8 = 0
Arm9 = 0
ArmD9 = 0
ObjData_20 = 1502|269.234|304.494|998.148|0.000|0.000|-90.499
ObjData_21 = 19384|271.409|303.947|999.888|0.000|0.000|0.000
ObjData_22 = 19384|269.256|303.712|999.898|0.000|0.000|0.000
ObjData_23 = 2161|270.105|302.666|998.168|0.000|0.000|0.000
ObjData_24 = 2069|268.862|308.699|998.198|0.000|0.000|0.000
ObjData_25 = 2069|266.614|306.251|998.208|0.000|0.000|0.000
ObjData_26 = 2069|0.000|0.000|0.000|0.000|0.000|0.000
ObjData_27 = 2069|271.751|305.310|998.258|0.000|0.000|0.000
ObjData_28 = 2527|272.058|307.402|998.168|0.000|0.000|0.000
ObjData_29 = 2524|272.405|306.497|997.968|0.000|0.000|-172.600
ObjData_30 = 2525|271.832|306.711|998.118|0.000|0.000|91.300
ObjData_31 = 2313|0.000|0.000|0.000|0.000|0.000|0.000
ObjData_32 = 2316|267.854|302.703|998.992|0.000|0.000|178.200
ObjData_33 = 1502|271.388|304.702|998.145|0.000|0.000|-90.199
ObjData_34 = 2301|271.231|303.286|998.138|2.399|0.000|-91.100
ObjData_35 = 2128|269.897|305.318|998.168|0.000|0.000|91.600
ObjData_36 = 2127|269.784|308.537|998.174|0.799|0.899|95.000
ObjData_37 = 2130|269.914|306.492|998.268|0.000|0.000|93.500
ObjData_38 = 2129|0.000|0.000|0.000|0.000|0.000|0.000
ObjData_39 = 2294|270.895|308.461|998.115|0.000|0.000|-91.300
ObjData_40 = 19173|269.088|306.254|1000.408|0.000|0.000|-87.600
Arm10 = 0
ArmD10 = 0
Arm11 = 0
ArmD11 = 0
Transferida = 
