[data]
Nombre = The King
Dueño = Brad_Horton
Contraseña = 33095881
Dinero = 0
Precio = 20000
VirtualWorld = 438
Interior = 2
Comprada = true
Cerrada = false
Entrada_x = 1179.895629
Entrada_y = -1233.447143
Entrada_z = 18.554687
Salida_x = 266.668243
Salida_y = 305.075042
Salida_z = 999.148437
Familia = 0
Contraseña_puerta = 2591
Arm0 = 17
ArmD0 = 0
ObjData_0 = 16779|270.969|305.245|1002.238|0.000|0.000|0.000
ObjData_1 = 1724|270.106|303.593|998.128|0.000|0.000|90.899
ObjData_2 = 1724|273.630|304.471|998.158|0.000|0.000|-86.400
ObjData_3 = 1817|269.276|307.540|998.223|-0.099|1.000|-0.299
ObjData_4 = 1723|266.897|306.238|998.043|0.000|0.000|49.599
ObjData_5 = 1723|271.433|307.682|998.087|-0.200|-0.700|-39.600
ObjData_6 = 2165|272.177|303.493|998.154|0.000|0.000|89.800
ObjData_7 = 19400|0.000|0.000|0.000|0.000|0.000|0.000
ObjData_8 = 1649|0.000|0.000|0.000|0.000|0.000|0.000
Arm1 = 33
ArmD1 = 0
Arm2 = 3
ArmD2 = 16
Arm3 = 3
ArmD3 = 3
Arm4 = 33
ArmD4 = 0
ObjData_9 = 2167|274.001|302.768|998.492|0.000|0.000|-89.299
ObjData_10 = 19446|274.306|306.850|1000.378|0.000|0.000|0.000
ObjData_11 = 1808|266.615|302.268|998.182|0.000|0.000|-178.899
ObjData_12 = 19384|0.000|0.000|0.000|0.000|0.000|0.000
ObjData_13 = 1502|0.000|0.000|0.000|0.000|0.000|0.000
Arm5 = 33
ArmD5 = 0
Arm6 = 0
ArmD6 = 0
Arm7 = 0
ArmD7 = 0
Arm8 = 18
ArmD8 = 0
Arm9 = 0
ArmD9 = 0
ObjData_14 = 19354|274.339|303.659|996.883|0.000|179.400|0.000
ObjData_15 = 19384|266.170|304.974|999.937|0.000|0.000|0.000
ObjData_16 = 19446|0.000|0.000|0.000|0.000|0.000|0.000
ObjData_17 = 19400|272.774|307.861|1000.299|0.299|0.000|-126.499
ObjData_18 = 19448|267.969|306.017|998.095|0.000|-89.499|0.000
ObjData_19 = 19448|271.425|306.743|998.071|0.000|-89.999|-0.399
ObjData_20 = 19448|272.524|306.793|998.029|0.000|87.099|0.000
ObjData_21 = 1742|274.273|305.726|998.206|0.299|0.000|-88.099
ObjData_22 = 19448|0.000|0.000|0.000|0.000|0.000|0.000
ObjData_23 = 19448|0.000|0.000|0.000|0.000|0.000|0.000
ObjData_24 = 19446|0.000|0.000|0.000|0.000|0.000|0.000
ObjData_25 = 1726|0.000|0.000|0.000|0.000|0.000|0.000
ObjData_26 = 19400|267.214|307.519|1000.219|0.000|0.000|-49.400
ObjData_27 = 19354|272.785|307.813|996.845|0.700|-4.999|-130.499
ObjData_28 = 19354|274.332|306.231|996.877|0.000|0.000|0.000
ObjData_29 = 19446|269.904|302.005|1000.381|0.000|0.000|-90.099
ObjData_30 = 19400|269.824|308.742|1000.264|0.599|0.000|-88.599
ObjData_31 = 19446|269.474|302.023|996.886|0.000|0.000|-90.099
ObjData_32 = 19354|269.989|308.976|996.800|0.000|-1.000|91.200
ObjData_33 = 19354|266.174|304.992|1003.407|0.000|0.000|0.000
ObjData_34 = 19354|267.261|307.646|996.828|0.000|0.000|-47.099
ObjData_35 = 19427|266.244|302.617|1000.307|0.000|0.000|0.000
ObjData_36 = 19427|266.174|302.623|996.896|0.000|0.000|0.000
Transferida = 
Arm10 = 104
ArmD10 = 0
Arm11 = 104
ArmD11 = 0
