[data]
Nombre = big freeze house
Dueño = Jon_Maximiliano
Contraseña = 32374981
Dinero = 12089
Precio = 20000
VirtualWorld = 439
Interior = 2
Comprada = true
Cerrada = true
Entrada_x = 1187.362182
Entrada_y = -1227.121948
Entrada_z = 18.554687
Salida_x = 266.668243
Salida_y = 305.075042
Salida_z = 999.148437
Familia = 0
Contraseña_puerta = 4321
Arm0 = 3
ArmD0 = 3
Arm1 = 83
ArmD1 = 15
Arm2 = 83
ArmD2 = 15
Arm3 = 83
ArmD3 = 15
Arm4 = 0
ArmD4 = 0
Arm5 = 0
ArmD5 = 0
Arm6 = 83
ArmD6 = 15
Arm7 = 83
ArmD7 = 15
Arm8 = 0
ArmD8 = 0
Arm9 = 0
ArmD9 = 0
ObjData_0 = 19354|270.444|300.391|999.895|0.000|0.000|179.800
ObjData_1 = 19384|270.386|303.747|999.888|0.000|0.000|0.000
ObjData_2 = 2135|269.805|302.568|998.048|0.000|0.000|-179.000
ObjData_3 = 2167|274.149|306.267|998.138|0.000|0.000|-88.602
ObjData_4 = 2112|0.000|0.000|0.000|0.000|0.000|-116.500
ObjData_5 = 19354|0.000|0.000|0.000|0.000|0.000|-91.599
ObjData_6 = 2120|0.000|0.000|0.000|0.000|0.000|1.199
ObjData_7 = 2120|0.000|0.000|0.000|0.000|0.000|168.899
ObjData_8 = 2312|271.567|302.492|1004.301|2.999|-4.299|176.399
ObjData_9 = 19172|0.000|0.000|0.000|0.000|0.000|180.000
ObjData_10 = 1502|270.387|303.008|998.125|0.000|0.000|89.500
ObjData_11 = 2141|268.813|302.533|998.108|0.000|0.000|-178.000
ObjData_12 = 2149|267.947|302.568|999.328|0.000|0.000|179.999
ObjData_13 = 2301|273.726|305.613|998.124|0.199|0.000|-179.799
ObjData_14 = 1762|265.149|299.841|998.166|0.000|0.000|140.300
ObjData_15 = 1717|271.977|324.281|998.158|0.000|0.000|172.200
ObjData_16 = 2202|270.749|308.564|998.127|0.000|0.000|0.699
ObjData_17 = 2167|0.000|0.000|0.000|0.000|0.000|0.000
ObjData_18 = 1723|267.014|306.818|998.148|0.000|0.000|42.900
ObjData_19 = 19166|272.566|302.086|1000.723|90.199|3.700|176.699
ObjData_20 = 2136|267.837|302.618|998.118|0.000|0.000|-178.399
ObjData_21 = 16779|269.908|306.468|1002.258|0.000|0.000|0.000
ObjData_22 = 1744|266.134|304.429|1000.997|0.199|0.000|88.999
ObjData_23 = 1839|266.385|305.134|1001.328|0.000|0.000|179.500
ObjData_24 = 1808|0.000|0.000|0.000|0.000|0.000|72.800
ObjData_25 = 1840|266.460|304.378|1001.302|-1.699|2.299|-177.999
ObjData_26 = 1840|266.464|305.512|1001.318|0.000|0.000|-176.699
ObjData_27 = 2161|270.448|305.860|998.166|0.000|-0.199|90.401
Arm10 = 0
ArmD10 = 0
Arm11 = 0
ArmD11 = 0
ObjData_28 = 19354|270.393|306.616|999.895|0.000|0.000|-0.601
ObjData_29 = 19384|0.000|0.000|0.000|0.000|0.000|0.000
ObjData_30 = 2165|272.549|307.973|998.155|0.000|0.000|-42.999
ObjData_31 = 2356|272.309|306.678|998.127|0.000|0.000|-39.999
ObjData_32 = 2313|0.000|0.000|0.000|0.000|0.000|0.000
ObjData_33 = 2316|0.000|0.000|0.000|0.000|0.000|-91.799
ObjData_34 = 1649|0.000|0.000|0.000|0.000|0.000|0.000
ObjData_35 = 19400|270.344|309.831|999.905|0.000|0.000|1.899
ObjData_36 = 2312|0.000|0.000|0.000|0.000|0.000|0.000
ObjData_37 = 19172|0.000|0.000|0.000|0.000|178.998|89.099
ObjData_38 = 2086|0.000|0.000|0.000|0.000|0.000|0.000
Transferida = 
