[data]
Nombre = Migue:3
Dueño = Jasiel_Mcsossa
Contraseña = 386139190
Dinero = 400
Precio = 20000
VirtualWorld = 440
Interior = 2
Comprada = true
Cerrada = false
Entrada_x = 1179.811279
Entrada_y = -1227.220947
Entrada_z = 18.554687
Salida_x = 266.668243
Salida_y = 305.075042
Salida_z = 999.148437
Familia = 0
Contraseña_puerta = 3210
Arm0 = 0
ArmD0 = 0
ObjData_0 = 2165|273.765|306.585|998.165|0.000|0.000|-90.999
ObjData_1 = 2069|271.331|302.437|997.307|0.000|0.000|0.000
ObjData_2 = 2069|268.645|302.400|997.247|0.000|0.000|0.000
ObjData_3 = 2161|274.075|303.856|1000.198|0.000|0.000|-93.699
ObjData_4 = 2299|0.000|0.000|0.000|0.000|0.000|0.000
ObjData_5 = 2779|267.619|307.567|998.141|0.000|0.000|51.600
ObjData_6 = 2298|271.250|306.135|998.158|0.000|0.000|-179.100
ObjData_7 = 19317|266.313|305.202|1001.552|0.299|47.300|93.000
ObjData_8 = 19173|269.971|302.100|1000.268|0.000|0.000|0.000
ObjData_9 = 1808|266.449|303.641|998.161|0.000|0.000|87.199
ObjData_10 = 1753|273.744|304.621|998.135|0.000|0.000|-92.399
ObjData_11 = 16779|270.639|305.603|1002.258|0.000|0.000|0.000
ObjData_12 = 2312|270.397|308.535|999.025|0.000|0.000|0.000
ObjData_13 = 2096|0.000|0.000|0.000|0.000|0.000|0.000
ObjData_14 = 2313|269.705|308.530|998.138|0.000|0.000|0.000
ObjData_15 = 2103|269.904|302.351|998.975|0.000|0.000|179.799
ObjData_16 = 2086|0.000|0.000|0.000|0.000|0.000|0.000
ObjData_17 = 2356|272.821|306.103|998.135|0.000|0.000|-86.699
ObjData_18 = 2141|266.505|302.736|998.091|0.000|0.000|91.399
ObjData_19 = 0|0.000|0.000|0.000|0.000|0.000|0.000
Arm1 = 68
ArmD1 = 28
Arm2 = 103
ArmD2 = 0
Arm3 = 101
ArmD3 = 0
Arm4 = 85
ArmD4 = 2
Arm5 = 101
ArmD5 = 0
Arm6 = 0
ArmD6 = 0
Arm7 = 101
ArmD7 = 0
Arm8 = 0
ArmD8 = 0
Arm9 = 0
ArmD9 = 0
Arm10 = 0
ArmD10 = 0
Arm11 = 0
ArmD11 = 0
Transferida = 
