[data]
Nombre = Departamentito
Dueño = Gabriel_Ruiz
Contraseña = 0
Dinero = 0
Precio = 20000
VirtualWorld = 442
Interior = 2
Comprada = true
Cerrada = true
Entrada_x = 1187.443725
Entrada_y = -1233.355468
Entrada_z = 22.140625
Salida_x = 266.668243
Salida_y = 305.075042
Salida_z = 999.148437
Familia = 0
Contraseña_puerta = 2415
Arm0 = 4
ArmD0 = 0
ObjData_0 = 2299|269.338|305.045|997.998|0.000|1.500|43.999
ObjData_1 = 2141|273.739|306.275|998.109|1.699|-0.899|-2.100
ObjData_2 = 2132|272.110|305.273|998.068|0.000|0.000|42.599
ObjData_3 = 2322|269.611|305.309|1000.978|21.100|1.100|-140.700
ObjData_4 = 2525|270.838|308.536|998.148|0.000|0.000|1.200
ObjData_5 = 2527|271.981|307.196|998.135|0.000|0.000|-50.999
ObjData_6 = 1738|266.442|302.948|998.768|0.000|0.000|89.800
ObjData_7 = 2115|273.319|302.001|998.175|0.000|1.300|38.999
ObjData_8 = 2079|273.185|302.902|998.755|0.000|0.000|136.299
ObjData_9 = 1502|270.291|307.477|998.128|0.000|0.000|-62.800
ObjData_10 = 16779|270.577|303.716|1002.328|0.000|0.000|0.000
ObjData_11 = 19357|272.593|306.380|999.879|0.100|0.000|-47.699
ObjData_12 = 19387|270.658|306.811|999.875|-0.099|0.000|28.199
ObjData_13 = 1208|271.245|302.352|998.148|0.000|0.000|0.000
ObjData_14 = 2313|269.403|302.565|998.175|0.000|0.599|-179.800
ObjData_15 = 2103|268.650|302.494|998.688|0.000|0.000|178.399
ObjData_16 = 2069|269.649|305.350|1001.085|-0.899|-5.400|-22.499
ObjData_17 = 2524|271.413|308.513|998.175|0.000|0.000|-27.899
Arm1 = 33
ArmD1 = 0
Arm2 = 33
ArmD2 = 0
Arm3 = 76
ArmD3 = 30
Arm4 = 18
ArmD4 = 0
Arm5 = 4
ArmD5 = 0
Arm6 = 76
ArmD6 = 20
Arm7 = 0
ArmD7 = 0
Arm8 = 0
ArmD8 = 0
Arm9 = 0
ArmD9 = 0
Arm10 = 66
ArmD10 = 0
Transferida = 
