[data]
Nombre = Lenin House
Dueño = Dante_Carballo
Contraseña = 32374981
Dinero = 30
Precio = 20000
VirtualWorld = 443
Interior = 2
Comprada = true
Cerrada = true
Entrada_x = 1179.806762
Entrada_y = -1227.127929
Entrada_z = 22.132949
Salida_x = 266.668243
Salida_y = 305.075042
Salida_z = 999.148437
Familia = 0
Contraseña_puerta = 1203
Arm0 = 102
ArmD0 = 0
ObjData_0 = 2298|273.705|302.611|998.145|0.000|0.000|-90.300
ObjData_1 = 19173|0.000|0.000|0.000|0.000|0.000|90.299
ObjData_2 = 1723|0.000|0.000|0.000|0.000|0.000|42.898
ObjData_3 = 2136|273.789|305.571|998.138|0.000|0.000|-91.100
ObjData_4 = 2135|0.000|0.000|0.000|0.199|0.000|0.699
ObjData_5 = 19354|0.000|0.000|0.000|0.000|0.000|0.000
ObjData_6 = 1502|269.185|303.950|998.145|-0.100|0.000|-91.800
ObjData_7 = 1817|0.000|0.000|0.000|0.000|0.000|0.000
ObjData_8 = 2149|273.877|306.660|999.325|0.000|0.000|-55.799
ObjData_9 = 2313|0.000|0.000|0.000|0.000|0.000|-179.299
ObjData_10 = 2316|0.000|0.000|0.000|20.700|-0.600|0.000
ObjData_11 = 2140|273.732|302.589|998.142|-0.400|-0.499|-89.701
ObjData_12 = 1742|0.000|0.000|0.000|0.000|0.000|-176.800
ObjData_13 = 2525|266.747|303.579|998.158|0.000|0.000|87.399
ObjData_14 = 2524|268.271|302.632|998.125|0.000|0.000|177.500
ObjData_15 = 19354|0.000|0.000|0.000|0.000|-0.100|-91.698
ObjData_16 = 2165|0.000|0.000|0.000|0.000|-0.598|90.599
ObjData_17 = 2356|0.000|0.000|0.000|0.000|0.000|30.599
ObjData_18 = 1828|0.000|0.000|0.000|0.000|0.000|-87.399
ObjData_19 = 1502|0.000|0.000|0.000|0.000|0.000|93.698
ObjData_20 = 19354|267.671|303.959|999.915|0.000|0.000|87.500
ObjData_21 = 2028|0.000|0.000|0.000|0.000|0.000|-88.500
ObjData_22 = 2312|0.000|0.000|0.000|-0.100|0.800|-86.300
ObjData_23 = 2527|267.723|302.535|998.165|0.000|0.000|90.200
ObjData_24 = 2112|0.000|0.000|0.000|-1.600|58.599|177.400
ObjData_25 = 2120|0.000|0.000|0.000|0.000|0.000|-142.399
ObjData_26 = 2120|0.000|0.000|0.000|0.000|0.000|0.000
ObjData_27 = 1839|0.000|0.000|0.000|0.000|0.000|2.700
ObjData_28 = 1840|0.000|0.000|0.000|0.000|0.000|0.000
ObjData_29 = 1840|0.000|0.000|0.000|0.000|0.000|2.700
ObjData_30 = 19172|0.000|0.000|0.000|0.000|0.000|-86.799
ObjData_31 = 19166|0.000|0.000|0.000|-90.500|-178.200|1.999
ObjData_32 = 1808|0.000|0.000|0.000|0.000|1.799|96.699
ObjData_33 = 16779|270.796|305.094|1002.268|0.000|0.000|0.000
ObjData_34 = 1744|0.000|0.000|0.000|0.000|0.300|-86.900
ObjData_35 = 1744|0.000|0.000|0.000|0.000|0.000|-87.899
ObjData_36 = 19446|274.338|306.033|999.925|0.000|0.000|0.000
ObjData_37 = 19446|271.028|301.998|999.906|0.000|0.000|-90.100
ObjData_38 = 1208|0.000|0.000|0.000|0.000|0.000|92.300
ObjData_39 = 19317|0.000|0.000|0.000|0.000|44.597|-172.098
ObjData_40 = 1738|0.000|0.000|0.000|0.000|0.000|92.698
Arm1 = 102
ArmD1 = 0
Arm2 = 102
ArmD2 = 0
Arm3 = 3
ArmD3 = 0
Arm4 = 102
ArmD4 = 0
Arm5 = 102
ArmD5 = 0
ObjData_41 = 2139|273.742|303.580|998.135|0.000|0.000|-90.599
ObjData_42 = 2137|273.809|306.554|998.138|0.000|0.000|-91.699
ObjData_43 = 19384|266.159|304.964|999.908|0.000|0.000|0.000
ObjData_44 = 19400|270.258|308.729|999.901|0.000|-1.299|-89.999
ObjData_45 = 19400|267.428|307.722|999.896|0.000|-0.800|-51.400
ObjData_46 = 19400|272.939|307.868|999.905|0.000|0.099|52.199
ObjData_47 = 19427|266.164|306.674|999.895|0.000|0.000|0.000
Arm6 = 102
ArmD6 = 0
Arm7 = 104
ArmD7 = 0
Arm8 = 104
ArmD8 = 0
Arm9 = 104
ArmD9 = 0
Arm10 = 74
ArmD10 = 200
Arm11 = 116
ArmD11 = 0
Transferida = 
