[data]
Nombre = TheKingCrew
Dueño = Jaime_Fontecilla
Contraseña = 69927227
Dinero = 0
Precio = 20000
VirtualWorld = 444
Interior = 2
Comprada = true
Cerrada = true
Entrada_x = 1187.361450
Entrada_y = -1227.132324
Entrada_z = 22.132949
Salida_x = 266.668243
Salida_y = 305.075042
Salida_z = 999.148437
Familia = 0
Contraseña_puerta = 1705
Arm0 = 0
ArmD0 = 0
ObjData_0 = 2779|266.711|302.697|998.160|-6.000|-1.500|176.599
ObjData_1 = 19387|270.251|303.792|999.896|0.000|0.000|0.000
ObjData_2 = 19173|272.133|302.082|1000.428|0.000|0.000|0.000
ObjData_3 = 2301|273.671|305.593|998.168|-1.500|0.099|-177.800
ObjData_4 = 1502|270.284|303.051|998.125|1.500|-0.599|89.499
ObjData_5 = 19403|270.347|306.997|999.897|0.199|0.000|178.100
ObjData_6 = 1724|269.192|308.515|998.137|0.000|0.000|0.000
ObjData_7 = 1724|268.090|308.533|998.157|0.000|0.000|0.000
ObjData_8 = 1717|272.356|304.755|998.559|-2.699|0.999|-41.499
Arm1 = 0
ArmD1 = 0
Arm2 = 0
ArmD2 = 0
Arm3 = 0
ArmD3 = 0
Arm4 = 0
ArmD4 = 0
Arm5 = 0
ArmD5 = 0
Arm6 = 0
ArmD6 = 0
Transferida = Jaime_Fontecilla
Arm7 = 0
ArmD7 = 0
