[data]
Nombre = QUINTA LOS HUERTAS
Dueño = Jorge_Huertas
Contraseña = 0
Dinero = 0
Precio = 290000
VirtualWorld = 449
Interior = 7
Comprada = true
Cerrada = true
Entrada_x = 1183.470214
Entrada_y = -1076.086303
Entrada_z = 31.678918
Salida_x = 250.445693
Salida_y = 995.373413
Salida_z = 1084.726562
Familia = 0
Contraseña_puerta = 4325
Arm0 = 0
ArmD0 = 0
ObjData_0 = 1502|239.796|1000.180|1082.881|0.000|0.000|0.000
ObjData_1 = 1502|239.820|1004.663|1082.891|0.000|0.000|0.000
ObjData_2 = 1502|229.985|1004.660|1082.875|0.000|0.000|0.000
ObjData_3 = 1502|229.937|1000.355|1082.845|0.000|0.000|0.000
ObjData_4 = 1502|236.328|983.125|1083.095|0.000|0.000|0.000
ObjData_5 = 1502|238.733|985.034|1087.138|0.000|0.000|0.000
ObjData_6 = 1502|238.780|996.434|1087.192|0.000|0.000|0.000
ObjData_7 = 1502|234.045|985.070|1087.271|-0.499|0.000|178.399
ObjData_8 = 19172|248.193|997.858|1085.826|0.000|0.000|0.000
ObjData_9 = 19166|244.172|982.781|1085.063|-90.499|-1.499|0.699
ObjData_10 = 1649|241.203|982.829|1085.350|2.500|-0.699|179.899
ObjData_11 = 1502|230.860|985.001|1087.280|0.000|0.000|0.000
ObjData_12 = 2525|243.126|998.677|1087.292|0.000|0.000|-93.500
ObjData_13 = 2524|243.176|997.285|1087.263|0.000|0.000|-90.999
ObjData_14 = 1649|241.183|982.929|1084.609|0.000|0.000|0.000
ObjData_15 = 1409|251.071|997.578|1083.809|0.000|0.000|0.000
ObjData_16 = 1808|234.233|982.145|1083.006|0.000|0.000|0.000
ObjData_17 = 2299|239.088|993.706|1087.280|0.000|0.000|-90.299
ObjData_18 = 2964|227.998|989.876|1082.966|0.000|0.000|-92.299
ObjData_19 = 2527|242.984|1001.027|1087.282|0.000|0.000|0.000
ObjData_20 = 2298|239.616|1006.854|1083.008|0.000|0.000|89.600
ObjData_21 = 2298|229.774|1006.446|1083.004|0.000|0.000|90.399
ObjData_22 = 2298|238.516|986.412|1087.305|0.000|0.000|89.700
ObjData_23 = 2779|224.556|992.484|1082.955|0.000|0.000|90.799
ObjData_24 = 2135|240.085|976.957|1083.000|0.000|0.000|-178.199
ObjData_25 = 2140|244.264|976.913|1082.860|0.000|0.000|177.999
ObjData_26 = 2139|235.858|976.872|1083.010|0.000|0.000|-178.599
ObjData_27 = 2137|241.077|977.035|1083.005|0.000|0.000|-177.500
ObjData_28 = 2136|243.044|977.122|1083.007|0.000|0.000|-177.500
ObjData_29 = 2140|234.761|976.958|1082.965|0.000|0.000|-178.600
ObjData_30 = 1839|245.219|986.440|1085.006|0.000|0.000|0.000
ObjData_31 = 1840|245.066|990.149|1085.416|0.000|0.000|0.000
ObjData_32 = 1840|229.018|983.122|1085.195|0.000|0.000|-90.300
ObjData_33 = 1840|245.125|998.363|1085.379|0.000|0.000|0.000
ObjData_34 = 1840|228.663|999.590|1085.404|0.000|0.000|93.499
ObjData_35 = 1840|224.024|1002.604|1085.176|0.000|0.000|-179.200
ObjData_36 = 1817|240.962|985.616|1083.015|0.000|0.000|0.000
ObjData_37 = 1727|244.477|989.603|1083.012|0.000|0.000|-89.900
Arm1 = 0
ArmD1 = 0
Arm2 = 0
ArmD2 = 0
Arm3 = 0
ArmD3 = 0
Arm4 = 0
ArmD4 = 0
Arm5 = 0
ArmD5 = 0
Arm6 = 0
ArmD6 = 0
Arm7 = 0
ArmD7 = 0
Arm8 = 0
ArmD8 = 0
Arm9 = 0
ArmD9 = 0
Arm10 = 0
ArmD10 = 0
Arm11 = 0
ArmD11 = 0
Transferida = Jorge_Huertas
ObjData_38 = 1649|230.712|982.898|1088.810|0.199|1.499|87.899
ObjData_39 = 1409|244.513|982.092|1083.100|0.000|0.000|0.000
