[data]
Nombre = Residencia Stagliano
Dueño = Sabrina_Stagliano
Contraseña = 548078865
Dinero = 2
Precio = 290000
VirtualWorld = 450
Interior = 7
Comprada = true
Cerrada = true
Entrada_x = 1183.474731
Entrada_y = -1098.986083
Entrada_z = 28.257812
Salida_x = 250.445693
Salida_y = 995.373413
Salida_z = 1084.726562
Familia = 0
Contraseña_puerta = 513
Arm0 = 76
ArmD0 = 20
ObjData_0 = 2525|240.289|1001.968|1087.301|0.000|0.000|0.000
ObjData_1 = 2301|238.866|993.635|1087.272|0.000|0.000|-83.799
ObjData_2 = 2524|238.483|1002.013|1087.289|0.000|0.000|0.000
ObjData_3 = 2526|243.204|1000.775|1087.271|0.000|0.000|89.299
ObjData_4 = 1208|238.039|998.593|1087.307|0.000|0.000|-90.900
ObjData_5 = 1208|237.998|999.452|1087.292|0.000|-0.700|-88.599
ObjData_6 = 2167|236.227|996.297|1087.290|0.000|0.000|0.000
ObjData_7 = 2298|236.607|1006.793|1082.987|0.000|0.000|0.000
ObjData_8 = 2300|226.621|1006.344|1083.003|0.000|0.000|0.000
ObjData_9 = 2527|242.516|998.026|1087.306|0.000|0.000|-142.000
Arm1 = 76
ArmD1 = 30
Arm2 = 76
ArmD2 = 20
ObjData_10 = 2167|240.935|990.278|1088.310|0.000|0.000|0.000
ObjData_11 = 2136|237.320|977.051|1082.997|0.000|0.000|-179.899
ObjData_12 = 2161|249.233|997.930|1085.179|0.000|0.000|0.000
ObjData_13 = 1502|239.887|1004.706|1082.897|0.200|0.000|0.999
ObjData_14 = 1502|230.048|1004.710|1082.905|0.000|0.000|0.000
ObjData_15 = 1502|238.716|985.019|1087.086|0.000|0.000|0.000
ObjData_16 = 1502|234.320|994.231|1087.108|0.000|0.000|-90.299
ObjData_17 = 1502|238.880|996.447|1087.210|0.000|0.000|0.000
ObjData_18 = 1502|0.000|0.000|0.000|0.000|0.000|0.000
ObjData_19 = 2322|234.911|996.009|1089.817|21.600|0.000|59.900
ObjData_20 = 1502|0.000|0.000|0.000|0.000|0.000|0.000
ObjData_21 = 1817|248.990|996.791|1083.736|0.000|0.000|0.000
ObjData_22 = 1817|0.000|0.000|0.000|0.000|0.000|0.000
ObjData_23 = 1649|246.256|990.309|1085.095|0.000|0.000|90.200
ObjData_24 = 1649|246.237|997.816|1085.285|-0.299|0.000|90.300
ObjData_25 = 2069|251.054|990.906|1083.774|0.000|0.000|0.000
ObjData_26 = 2069|242.216|995.998|1087.343|0.000|0.000|0.000
ObjData_27 = 2069|0.000|0.000|0.000|0.000|0.000|0.000
ObjData_28 = 2069|0.000|0.000|0.000|0.000|0.000|0.000
ObjData_29 = 1649|246.230|997.819|1085.323|0.000|0.000|-89.599
ObjData_30 = 1649|246.263|990.329|1085.266|0.000|0.000|-89.599
ObjData_31 = 19430|243.314|996.693|1088.715|0.000|0.000|-52.299
ObjData_32 = 19387|242.615|997.577|1089.014|0.000|0.000|-46.500
ObjData_33 = 2137|235.347|977.055|1082.991|0.000|0.000|-178.800
ObjData_34 = 2139|239.528|976.986|1082.982|0.000|0.000|179.800
ObjData_35 = 2140|234.590|978.298|1083.021|0.000|0.000|87.699
ObjData_36 = 2141|238.372|977.055|1082.973|0.099|0.000|177.100
ObjData_37 = 2149|239.487|976.902|1084.207|0.000|0.000|179.399
ObjData_38 = 2135|241.568|977.021|1082.802|0.000|0.000|178.999
Arm3 = 76
ArmD3 = 30
Arm4 = 76
ArmD4 = 20
Arm5 = 76
ArmD5 = 20
Arm6 = 75
ArmD6 = 20
Arm7 = 75
ArmD7 = 20
Arm8 = 75
ArmD8 = 20
Arm9 = 75
ArmD9 = 10
Arm10 = 75
ArmD10 = 10
Arm11 = 73
ArmD11 = 90
ObjData_39 = 2103|0.000|0.000|0.000|0.000|0.000|0.000
ObjData_40 = 2149|0.000|0.000|0.000|0.000|0.000|0.000
Transferida = 
