[data]
Nombre = ºººBrad Caveººº
Dueño = Brad_Blackwell
Contraseña = 32899276
Dinero = 0
Precio = 290000
VirtualWorld = 454
Interior = 7
Comprada = true
Cerrada = true
Entrada_x = 1285.259765
Entrada_y = -1067.336059
Entrada_z = 31.678918
Salida_x = 250.445693
Salida_y = 995.373413
Salida_z = 1084.726562
Familia = 0
Contraseña_puerta = 4321
Arm0 = 73
ArmD0 = 96
Arm1 = 0
ArmD1 = 0
Arm2 = 0
ArmD2 = 0
Arm3 = 0
ArmD3 = 0
Arm4 = 0
ArmD4 = 0
Arm5 = 0
ArmD5 = 0
Arm6 = 0
ArmD6 = 0
Arm7 = 0
ArmD7 = 0
Arm8 = 0
ArmD8 = 0
Arm9 = 0
ArmD9 = 0
Arm10 = 0
ArmD10 = 0
Arm11 = 0
ArmD11 = 0
ObjData_0 = 2964|228.344|990.749|1082.921|0.000|0.000|90.799
ObjData_1 = 2161|233.584|999.638|1084.014|0.000|0.000|0.000
ObjData_2 = 2161|238.992|990.196|1087.560|0.000|0.000|0.000
ObjData_3 = 2165|241.135|989.835|1087.316|0.000|0.000|0.000
ObjData_4 = 2630|230.272|983.553|1083.075|0.000|0.000|89.299
ObjData_5 = 19172|244.986|988.753|1084.869|0.499|0.099|-89.299
ObjData_6 = 2161|0.000|0.000|0.000|0.000|0.000|0.000
ObjData_7 = 1839|237.425|999.378|1084.830|0.000|0.000|89.000
ObjData_8 = 1742|0.000|0.000|0.000|0.000|0.000|0.000
ObjData_9 = 1742|0.000|0.000|0.000|0.000|0.000|0.000
ObjData_10 = 2202|0.000|0.000|0.000|0.000|0.000|0.000
ObjData_11 = 19173|0.000|0.000|0.000|0.000|0.000|0.000
ObjData_12 = 1723|244.518|989.915|1083.026|0.000|0.000|-90.500
ObjData_13 = 1723|224.618|989.750|1083.030|0.000|0.000|90.300
ObjData_14 = 1723|242.377|988.595|1087.220|0.000|0.000|-179.800
ObjData_15 = 16779|0.000|0.000|0.000|0.000|0.000|0.000
ObjData_16 = 1724|0.000|0.000|0.000|0.000|0.000|0.000
ObjData_17 = 1724|0.000|0.000|0.000|0.000|0.000|0.000
ObjData_18 = 1724|0.000|0.000|0.000|0.000|0.000|0.000
ObjData_19 = 16779|0.000|0.000|0.000|0.000|0.000|0.000
ObjData_20 = 1828|249.161|994.380|1083.736|0.000|0.000|89.099
ObjData_21 = 19317|0.000|0.000|0.000|0.000|0.000|0.000
ObjData_22 = 19317|240.900|990.262|1089.395|0.000|51.299|0.000
ObjData_23 = 2161|0.000|0.000|0.000|0.000|0.000|0.000
ObjData_24 = 19173|230.397|989.997|1087.015|0.000|0.000|-89.500
ObjData_25 = 1742|243.964|999.676|1085.498|0.000|-179.599|0.000
ObjData_26 = 1742|242.104|999.665|1083.463|0.000|0.000|0.500
Transferida = Brad_Blackwell
