[data]
Nombre = Vendo casa
Dueño = Federico_Mendez
Contraseña = 3276850
Dinero = 0
Precio = 45000
VirtualWorld = 458
Interior = 15
Comprada = true
Cerrada = false
Entrada_x = 766.916992
Entrada_y = -1605.942260
Entrada_z = 13.803853
Salida_x = 326.308105
Salida_y = 1456.211425
Salida_z = 1084.595947
Familia = 0
Contraseña_puerta = 1259
Arm0 = 5
ArmD0 = 0
ObjData_0 = 2525|329.773|1463.463|1083.456|2.799|0.000|89.000
ObjData_1 = 2779|334.760|1455.149|1083.378|0.000|0.000|-89.300
Arm1 = 117
ArmD1 = 1
Arm2 = 35
ArmD2 = 0
Arm3 = 47
ArmD3 = 0
Arm4 = 2
ArmD4 = 0
Arm5 = 102
ArmD5 = 0
Arm6 = 3
ArmD6 = 0
Arm7 = 26
ArmD7 = 0
Arm8 = 8
ArmD8 = 0
Arm9 = 9
ArmD9 = 3
Arm10 = 102
ArmD10 = 0
Arm11 = 102
ArmD11 = 0
ObjData_2 = 1803|331.632|1457.555|1083.378|0.000|0.000|-85.300
ObjData_3 = 1502|329.150|1462.472|1083.449|0.000|0.000|-87.799
ObjData_4 = 2167|328.450|1469.910|1084.749|0.000|0.000|0.000
ObjData_5 = 2298|328.572|1468.492|1083.398|1.800|1.500|-88.099
ObjData_6 = 1502|327.058|1464.858|1083.409|0.000|0.000|0.000
ObjData_7 = 1502|329.206|1458.372|1083.429|0.000|0.000|-90.900
ObjData_8 = 1502|324.886|1456.689|1083.439|0.000|0.000|91.500
ObjData_9 = 1502|331.507|1459.703|1083.448|0.000|0.000|0.000
ObjData_10 = 2524|0.000|0.000|0.000|0.000|0.000|0.000
ObjData_11 = 2115|321.446|1457.521|1083.651|0.000|0.000|0.000
ObjData_12 = 2120|321.514|1458.419|1084.093|0.000|0.000|90.600
ObjData_13 = 2120|322.337|1458.447|1084.102|0.000|0.000|92.199
ObjData_14 = 2120|321.502|1456.648|1084.208|0.000|0.000|-90.000
ObjData_15 = 2120|322.398|1456.645|1084.159|0.000|0.000|-91.800
ObjData_16 = 2069|332.541|1469.561|1083.456|0.000|0.000|0.000
ObjData_17 = 19356|0.000|0.000|0.000|0.000|0.000|0.000
ObjData_18 = 2322|326.703|1467.422|1084.448|0.200|0.000|92.500
ObjData_19 = 2313|326.582|1466.675|1083.589|-3.199|0.500|90.399
ObjData_20 = 1502|325.746|1462.550|1083.430|-0.199|-0.199|88.699
ObjData_21 = 1502|323.306|1460.252|1083.413|0.000|0.000|179.499
ObjData_22 = 1502|324.685|1460.357|1083.403|0.000|0.000|-179.000
ObjData_23 = 2526|332.740|1462.055|1083.530|0.000|0.000|91.999
ObjData_24 = 2112|0.000|0.000|0.000|0.000|0.000|0.000
ObjData_25 = 2069|332.419|1465.179|1083.499|0.000|0.000|0.000
ObjData_26 = 1808|324.484|1456.011|1083.408|0.000|0.000|-86.599
ObjData_27 = 2131|319.416|1458.893|1083.589|0.000|0.000|0.000
ObjData_28 = 2161|330.443|1455.031|1084.833|-0.999|1.800|1.100
ObjData_29 = 19173|332.730|1467.343|1085.640|0.000|0.000|-86.899
ObjData_30 = 19356|0.000|0.000|0.000|-0.598|5.000|91.400
ObjData_31 = 19356|0.000|0.000|0.000|0.000|0.000|85.799
ObjData_32 = 19356|0.000|0.000|0.000|0.000|0.000|-93.799
ObjData_33 = 1649|0.000|0.000|0.000|-1.700|0.298|93.500
ObjData_34 = 1649|0.000|0.000|0.000|0.000|0.000|0.000
ObjData_35 = 1649|0.000|0.000|0.000|0.000|0.000|0.000
ObjData_36 = 19354|0.000|0.000|0.000|0.000|0.000|0.000
ObjData_37 = 19354|0.000|0.000|0.000|0.000|0.000|0.000
ObjData_38 = 19354|0.000|0.000|0.000|0.000|0.000|-91.900
Transferida = 
