[data]
Nombre = The King
Dueño = Angel_Peralta
Contraseña = 0
Dinero = 0
Precio = 180000
VirtualWorld = 464
Interior = 6
Comprada = true
Cerrada = true
Entrada_x = 901.638671
Entrada_y = -1514.658203
Entrada_z = 14.363883
Salida_x = 2196.836181
Salida_y = -1204.180297
Salida_z = 1049.023437
Familia = 0
Contraseña_puerta = 4321
Arm0 = 73
ArmD0 = 301
Arm1 = 13
ArmD1 = 2
Arm2 = 83
ArmD2 = 9
ObjData_0 = 1761|2191.937|-1201.061|1048.001|0.000|0.000|0.000
ObjData_1 = 1761|2194.052|-1205.967|1048.032|0.000|0.000|-178.099
ObjData_2 = 1761|2190.419|-1204.572|1048.101|0.000|0.000|93.900
ObjData_3 = 2525|2191.960|-1224.656|1048.022|0.000|0.000|97.299
ObjData_4 = 2524|2194.587|-1224.175|1048.062|0.000|0.000|-83.399
ObjData_5 = 2526|2192.609|-1226.598|1048.022|0.000|0.000|0.000
ObjData_6 = 1717|2198.998|-1219.678|1048.041|0.000|0.000|126.300
ObjData_7 = 1817|2193.037|-1203.021|1048.062|0.000|0.000|178.799
ObjData_8 = 19172|2189.813|-1208.252|1050.444|0.000|0.000|178.100
ObjData_9 = 16779|2192.505|-1203.704|1051.613|0.000|0.000|0.000
ObjData_10 = 2356|0.000|0.000|0.000|0.000|0.000|0.000
ObjData_11 = 2149|2181.589|-1205.276|1049.223|0.000|0.000|97.999
ObjData_12 = 2132|2184.690|-1207.766|1047.972|0.000|0.000|-179.900
ObjData_13 = 2141|2182.539|-1207.699|1047.992|0.000|0.000|179.699
ObjData_14 = 1208|2186.599|-1207.998|1048.009|0.000|0.000|-1.999
ObjData_15 = 2299|2198.092|-1216.160|1048.001|0.000|0.000|0.000
ObjData_16 = 1409|0.000|0.000|0.000|0.000|0.000|0.000
ObjData_17 = 1762|0.000|0.000|0.000|0.000|0.000|0.000
ObjData_18 = 1808|2181.672|-1206.970|1048.032|0.000|0.000|94.000
ObjData_19 = 2134|2181.678|-1204.491|1047.989|0.000|0.000|91.499
ObjData_20 = 2133|2181.824|-1205.500|1048.009|0.000|0.000|94.199
ObjData_21 = 2131|2181.663|-1201.957|1047.989|0.000|0.000|90.799
ObjData_22 = 2135|2181.783|-1203.544|1048.002|0.000|0.000|90.799
Arm3 = 116
ArmD3 = 0
Arm4 = 0
ArmD4 = 0
Arm5 = 66
ArmD5 = 0
Arm6 = 73
ArmD6 = 500
Arm7 = 0
ArmD7 = 0
Arm8 = 0
ArmD8 = 0
Arm9 = 0
ArmD9 = 0
Arm10 = 0
ArmD10 = 0
Arm11 = 0
ArmD11 = 0
Transferida = Angel_Peralta
