[data]
Nombre = Guatire City
Dueño = Eduardo_Figueira
Contraseña = 32637127
Dinero = 0
Precio = 180000
VirtualWorld = 466
Interior = 6
Comprada = true
Cerrada = true
Entrada_x = 876.197509
Entrada_y = -1512.826416
Entrada_z = 14.349118
Salida_x = 2196.836181
Salida_y = -1204.180297
Salida_z = 1049.023437
Familia = 0
Contraseña_puerta = 3012
Arm0 = 0
ArmD0 = 0
ObjData_0 = 2316|2193.147|-1199.220|1048.373|0.000|0.000|0.000
ObjData_1 = 2525|2191.994|-1225.354|1048.012|-1.099|-1.300|92.400
ObjData_2 = 2086|2190.184|-1205.782|1048.403|0.000|0.000|0.000
ObjData_3 = 1723|2191.124|-1207.828|1048.012|0.000|-0.000|178.000
ObjData_4 = 2524|2191.816|-1226.832|1047.980|2.400|-0.100|88.399
ObjData_5 = 1828|2192.427|-1203.847|1048.002|0.000|0.000|0.000
ObjData_6 = 2132|2181.607|-1200.845|1047.993|-1.000|0.500|2.099
ObjData_7 = 2069|2187.758|-1207.918|1048.062|0.000|0.000|0.000
ObjData_8 = 19172|2190.370|-1208.345|1050.396|-0.399|0.200|179.999
ObjData_9 = 16779|2192.276|-1203.647|1052.151|0.000|0.000|0.000
Arm1 = 0
ArmD1 = 0
Transferida = Eduardo_Figueira
Arm2 = 0
ArmD2 = 0
Arm3 = 0
ArmD3 = 0
Arm4 = 0
ArmD4 = 0
Arm5 = 0
ArmD5 = 0
Arm6 = 102
ArmD6 = 0
