[data]
Nombre = Residencial Oconner
Dueño = Danilo_Oconner
Contraseña = 0
Dinero = 0
Precio = 290000
VirtualWorld = 469
Interior = 7
Comprada = true
Cerrada = false
Entrada_x = 852.504638
Entrada_y = -1436.232788
Entrada_z = 15.043654
Salida_x = 250.445693
Salida_y = 995.373413
Salida_z = 1084.726562
Familia = 0
Contraseña_puerta = 0
Arm0 = 76
ArmD0 = 0
Arm1 = 0
ArmD1 = 0
Arm2 = 80
ArmD2 = 0
Arm3 = 80
ArmD3 = 0
Arm4 = 14
ArmD4 = 1500
Arm5 = 0
ArmD5 = 0
Arm6 = 0
ArmD6 = 0
Arm7 = 72
ArmD7 = 0
Arm8 = 85
ArmD8 = 1
Arm9 = 0
ArmD9 = 0
Arm10 = 0
ArmD10 = 0
Arm11 = 0
ArmD11 = 0
ObjData_0 = 2299|227.591|990.633|1082.927|0.000|0.000|89.999
ObjData_1 = 2299|227.580|993.214|1082.953|0.000|0.000|89.900
ObjData_2 = 2298|224.752|995.458|1083.028|0.000|0.000|0.000
ObjData_3 = 2627|240.941|986.633|1083.026|0.000|0.000|0.000
ObjData_4 = 2779|232.470|990.302|1083.007|0.000|0.000|0.000
ObjData_5 = 2627|242.962|986.633|1082.992|0.000|0.000|0.000
ObjData_6 = 2627|238.836|986.617|1082.945|0.000|0.000|0.000
ObjData_7 = 2964|237.542|990.930|1082.956|0.000|0.000|0.000
ObjData_8 = 2964|240.702|991.413|1082.985|0.000|0.000|48.699
ObjData_9 = 2524|240.244|981.979|1082.994|0.000|0.000|0.000
ObjData_10 = 2525|241.792|981.966|1083.060|0.000|0.000|0.000
ObjData_11 = 19449|240.619|976.382|1084.366|0.000|0.000|90.000
ObjData_12 = 2103|241.909|982.751|1084.169|0.000|0.000|174.500
Transferida = 
ObjData_13 = 19385|242.088|993.099|1087.970|1.200|90.900|-87.000
ObjData_14 = 19385|242.019|994.660|1087.990|-0.899|89.000|93.000
ObjData_15 = 19428|240.484|994.642|1087.259|-89.199|-0.900|1.399
ObjData_16 = 19428|240.555|993.042|1087.253|-89.799|-0.999|0.000
ObjData_17 = 2075|241.854|993.874|1089.565|0.000|0.000|92.499
