[data]
Nombre = La Chosa Cordobesa
Dueño = Enzo_Olivarez
Contraseña = 0
Dinero = 0
Precio = 60000
VirtualWorld = 472
Interior = 15
Comprada = true
Cerrada = false
Entrada_x = 653.595642
Entrada_y = -1714.037841
Entrada_z = 14.764795
Salida_x = 326.308105
Salida_y = 1456.211425
Salida_z = 1084.595947
Familia = 0
Contraseña_puerta = 3812
Arm0 = 48
ArmD0 = 22
ObjData_0 = 1724|318.107|1467.073|1083.454|0.000|0.000|33.000
ObjData_1 = 1723|319.927|1467.899|1083.368|0.000|0.000|-2.200
ObjData_2 = 2316|319.838|1460.628|1084.288|0.000|0.000|176.700
ObjData_3 = 2313|320.624|1460.787|1083.438|0.000|0.000|177.600
ObjData_4 = 2299|332.832|1458.165|1083.387|0.000|0.000|179.600
ObjData_5 = 1724|324.024|1467.752|1083.341|0.000|0.000|-34.599
ObjData_6 = 1724|325.074|1466.723|1083.400|0.000|0.000|-82.399
ObjData_7 = 2525|329.835|1463.272|1083.451|0.000|0.000|0.000
ObjData_8 = 2524|332.481|1463.278|1083.540|0.000|0.000|0.000
ObjData_9 = 1208|329.648|1460.006|1083.440|0.000|0.000|1.300
Arm1 = 0
ArmD1 = 0
Arm2 = 0
ArmD2 = 0
Arm3 = 0
ArmD3 = 0
Arm4 = 0
ArmD4 = 0
Arm5 = 0
ArmD5 = 0
Arm6 = 0
ArmD6 = 0
Arm7 = 0
ArmD7 = 0
Arm8 = 0
ArmD8 = 0
Arm9 = 0
ArmD9 = 0
ObjData_10 = 19356|324.736|1457.258|1084.710|0.000|0.000|0.000
ObjData_11 = 19356|0.000|0.000|0.000|-90.400|-0.598|-89.800
Arm10 = 0
ArmD10 = 0
Arm11 = 0
ArmD11 = 0
Transferida = Enzo_Olivarez
ObjData_12 = 2202|318.312|1458.172|1083.456|1.998|0.598|89.299
ObjData_13 = 2165|318.389|1456.278|1083.443|1.199|0.399|92.099
ObjData_14 = 2356|319.421|1456.797|1083.445|0.000|0.000|84.200
ObjData_15 = 1806|0.000|0.000|0.000|-0.699|-1.500|-93.899
ObjData_16 = 1491|325.772|1462.507|1083.477|0.300|1.199|89.700
ObjData_17 = 2010|324.248|1459.934|1084.536|0.000|0.000|0.000
ObjData_18 = 2010|318.262|1460.822|1083.428|0.000|0.000|0.000
ObjData_19 = 2065|332.314|1469.639|1083.449|0.000|0.000|-85.699
ObjData_20 = 2069|332.282|1466.580|1083.469|0.000|0.000|0.000
ObjData_21 = 2096|331.917|1467.371|1083.429|0.000|0.000|-86.200
ObjData_22 = 2526|330.697|1463.346|1083.360|0.000|0.000|0.000
ObjData_23 = 1494|327.106|1464.865|1083.489|0.000|0.000|0.000
