[data]
Nombre = Refugio Califa 2
Dueño = Ronaldo_Joshua
Contraseña = 0
Dinero = 0
Precio = 1
VirtualWorld = 473
Interior = 9
Comprada = true
Cerrada = false
Entrada_x = 657.222961
Entrada_y = -1652.681884
Entrada_z = 15.406250
Salida_x = 275.740203
Salida_y = 1237.718383
Salida_z = 1084.257812
Familia = 0
Contraseña_puerta = 9421
Arm0 = 104
ArmD0 = 0
Arm1 = 104
ArmD1 = 0
Arm2 = 13
ArmD2 = 2
Arm3 = 13
ArmD3 = 4
ObjData_0 = 1744|0.000|0.000|0.000|0.000|0.000|0.000
ObjData_1 = 2120|0.000|0.000|0.000|0.000|0.000|-179.399
ObjData_2 = 2525|0.000|0.000|0.000|0.000|0.000|90.098
ObjData_3 = 2069|0.000|0.000|0.000|0.000|0.000|0.000
ObjData_4 = 1649|273.838|1240.525|1084.599|0.000|0.000|90.000
ObjData_5 = 19354|0.000|0.000|0.000|0.000|0.000|-89.999
ObjData_6 = 19354|0.000|0.000|0.000|0.000|0.000|-179.599
ObjData_7 = 2299|0.000|0.000|0.000|0.000|0.000|0.000
ObjData_8 = 2964|277.431|1240.671|1083.259|0.000|0.000|-89.098
ObjData_9 = 2524|267.136|1249.329|1083.258|0.000|0.000|0.000
ObjData_10 = 2526|268.795|1249.295|1083.259|0.000|0.000|0.000
ObjData_11 = 1828|0.000|0.000|0.000|0.000|0.000|0.000
Arm4 = 13
ArmD4 = 2
Arm5 = 0
ArmD5 = 0
Arm6 = 0
ArmD6 = 0
ObjData_12 = 2167|0.000|0.000|0.000|0.000|0.000|91.399
Arm7 = 104
ArmD7 = 0
Arm8 = 104
ArmD8 = 0
Arm9 = 104
ArmD9 = 0
ObjData_13 = 1649|0.000|0.000|0.000|0.000|0.000|178.500
ObjData_14 = 1502|270.780|1247.043|1083.248|0.000|0.000|89.899
ObjData_15 = 1502|0.000|0.000|0.000|0.000|0.000|90.399
ObjData_16 = 2356|0.000|0.000|0.000|0.000|0.000|88.499
ObjData_17 = 1502|0.000|0.000|0.000|0.000|0.000|87.799
ObjData_18 = 2165|0.000|0.000|0.000|0.699|0.000|89.198
ObjData_19 = 2161|0.000|0.000|0.000|0.000|0.000|178.399
ObjData_20 = 2103|0.000|0.000|0.000|0.000|0.000|-91.099
ObjData_21 = 2086|0.000|0.000|0.000|0.000|0.000|0.000
ObjData_22 = 2313|0.000|0.000|0.000|0.000|0.000|86.799
ObjData_23 = 2298|0.000|0.000|0.000|0.000|0.100|-89.898
ObjData_24 = 2312|0.000|0.000|0.000|0.000|0.000|89.399
ObjData_25 = 19173|0.000|0.000|0.000|0.000|0.000|91.198
ObjData_26 = 1817|0.000|0.000|0.000|0.000|0.000|-87.698
ObjData_27 = 1840|273.995|1238.139|1085.819|0.000|0.000|179.800
ObjData_28 = 19172|278.864|1237.076|1084.938|0.000|0.000|-179.900
ObjData_29 = 1723|280.364|1241.721|1083.248|0.000|0.000|-89.599
ObjData_30 = 1724|280.359|1243.318|1083.238|0.000|0.000|-90.000
ObjData_31 = 1724|280.381|1239.127|1083.238|0.000|0.000|-89.799
ObjData_32 = 16779|0.000|0.000|0.000|0.000|0.000|0.000
ObjData_33 = 16779|277.812|1247.298|1086.367|0.000|0.000|0.000
ObjData_34 = 1840|273.997|1242.917|1085.801|0.000|0.000|179.999
ObjData_35 = 2135|278.839|1249.932|1083.268|0.000|0.000|0.000
ObjData_36 = 2137|279.817|1249.942|1083.258|0.000|0.000|0.000
ObjData_37 = 2140|274.866|1249.932|1083.258|0.000|0.000|0.000
ObjData_38 = 2139|277.846|1249.913|1083.258|0.000|0.000|0.000
ObjData_39 = 2136|275.856|1249.941|1083.258|0.000|0.000|0.000
ObjData_40 = 2149|275.812|1250.114|1084.457|0.000|0.000|0.000
ObjData_41 = 2120|0.000|0.000|0.000|0.000|0.000|-90.598
ObjData_42 = 2120|0.000|0.000|0.000|0.000|0.000|-92.698
ObjData_43 = 2120|0.000|0.000|0.000|0.000|0.000|89.099
ObjData_44 = 2120|0.000|0.000|0.000|0.000|0.000|89.499
ObjData_45 = 19387|0.000|0.000|0.000|0.000|0.000|88.400
ObjData_46 = 19430|0.000|0.000|0.000|0.000|0.000|90.299
ObjData_47 = 2161|0.000|0.000|0.000|0.000|0.000|-2.700
ObjData_48 = 2316|0.000|0.000|0.000|0.000|0.000|95.198
ObjData_49 = 2313|0.000|0.000|0.000|0.000|0.000|90.800
ObjData_50 = 2028|0.000|0.000|0.000|0.000|-0.499|93.098
ObjData_51 = 2112|0.000|0.000|0.000|0.000|0.000|0.000
ObjData_52 = 1409|280.017|1245.267|1083.368|0.000|0.000|-89.999
ObjData_53 = 1738|0.000|0.000|0.000|0.000|0.000|0.000
ObjData_54 = 2312|0.000|0.000|0.000|0.000|0.000|-90.400
ObjData_55 = 2115|277.109|1247.306|1083.248|0.000|0.000|0.000
ObjData_56 = 2112|0.000|0.000|0.000|0.000|0.000|0.000
Arm10 = 104
ArmD10 = 0
Arm11 = 104
ArmD11 = 0
Transferida = Ronaldo_Joshua
