[data]
Nombre = Jordan 23
Dueño = Tomas_Annicchiarico
Contraseña = 93192544
Dinero = 0
Precio = 120000
VirtualWorld = 478
Interior = 6
Comprada = true
Cerrada = false
Entrada_x = 2035.897827
Entrada_y = -1059.158203
Entrada_z = 25.650810
Salida_x = 2307.457763
Salida_y = -1197.406250
Salida_z = 1049.023437
Familia = 0
Contraseña_puerta = 1234
Arm0 = 73
ArmD0 = 0
Arm1 = 3
ArmD1 = 0
Arm2 = 0
ArmD2 = 0
Arm3 = 0
ArmD3 = 0
Arm4 = 31
ArmD4 = 0
ObjData_0 = 2165|0.000|0.000|0.000|0.598|0.298|90.500
ObjData_1 = 2356|0.000|0.000|0.000|0.000|0.000|0.000
ObjData_2 = 2964|2315.719|-1195.866|1048.022|0.000|0.000|90.299
ObjData_3 = 2312|0.000|0.000|0.000|0.000|0.000|0.000
ObjData_4 = 2133|2320.410|-1196.404|1048.009|0.000|0.000|-90.300
ObjData_5 = 2133|2320.414|-1195.408|1047.999|0.000|0.000|-89.299
ObjData_6 = 2130|0.000|0.000|0.000|0.000|0.000|0.000
ObjData_7 = 2313|0.000|0.000|0.000|0.000|0.000|0.000
ObjData_8 = 2127|0.000|0.000|0.000|0.000|0.000|0.000
ObjData_9 = 2127|0.000|0.000|0.000|0.000|0.000|0.000
ObjData_10 = 2129|0.000|0.000|0.000|0.000|0.000|0.000
ObjData_11 = 2294|0.000|0.000|0.000|0.000|0.000|0.000
ObjData_12 = 1742|2312.906|-1192.804|1048.008|0.000|0.000|0.000
ObjData_13 = 1724|0.000|0.000|0.000|0.000|0.000|0.000
ObjData_14 = 19173|2310.445|-1198.890|1050.080|0.000|0.000|0.000
ObjData_15 = 2149|2320.585|-1197.153|1049.210|0.000|0.000|-94.399
ObjData_16 = 1724|2310.479|-1194.059|1048.039|0.000|0.000|-90.800
ObjData_17 = 2779|0.000|0.000|0.000|0.000|0.000|0.000
Arm5 = 0
ArmD5 = 0
Arm6 = 19
ArmD6 = 0
Arm7 = 7
ArmD7 = 0
ObjData_18 = 2141|2320.599|-1193.415|1047.979|0.000|0.000|-92.299
ObjData_19 = 1808|0.000|0.000|0.000|0.000|0.000|0.000
ObjData_20 = 1817|2307.809|-1195.166|1048.051|0.000|0.000|0.000
ObjData_21 = 2030|0.000|0.000|0.000|0.000|0.000|0.000
ObjData_22 = 2132|2320.438|-1197.387|1047.989|-2.198|0.000|-90.299
ObjData_23 = 2121|2313.998|-1198.047|1048.490|-3.299|0.099|0.000
ObjData_24 = 1724|2306.175|-1195.164|1048.079|0.000|0.000|89.099
ObjData_25 = 1840|2312.855|-1198.546|1049.516|0.000|0.000|178.700
ObjData_26 = 1840|2312.901|-1197.265|1049.496|0.000|0.000|-179.200
ObjData_27 = 2103|2312.888|-1197.822|1050.009|0.000|0.000|88.999
ObjData_28 = 1409|2320.563|-1194.445|1048.199|0.000|0.000|-87.499
ObjData_29 = 2229|2310.678|-1191.642|1048.109|0.000|0.000|0.000
ObjData_30 = 1840|2312.354|-1197.206|1048.930|0.000|0.000|0.000
ObjData_31 = 1840|2312.510|-1195.618|1048.899|0.000|0.000|0.000
ObjData_32 = 1839|2312.866|-1197.862|1049.500|0.000|0.000|-178.800
ObjData_33 = 1723|2309.365|-1196.380|1048.039|0.000|0.000|179.400
ObjData_34 = 16779|2308.093|-1195.677|1052.110|0.000|0.000|0.000
ObjData_35 = 2229|2306.524|-1191.640|1048.178|0.000|0.000|0.000
ObjData_36 = 19172|2315.573|-1198.912|1050.456|0.499|-0.200|-179.998
ObjData_37 = 19427|0.000|0.000|0.000|0.000|0.000|0.000
ObjData_38 = 19354|0.000|0.000|0.000|0.000|0.000|0.000
Transferida = Tomas_Annicchiarico
Arm8 = 0
ArmD8 = 0
Arm9 = 64
ArmD9 = 233146
ObjData_39 = 1649|2308.336|-1191.566|1049.698|0.000|0.000|1.299
ObjData_40 = 19355|2310.704|-1198.885|1049.020|0.000|0.000|-91.099
ObjData_41 = 19355|2305.974|-1198.883|1049.020|0.000|0.000|-87.600
ObjData_42 = 19355|2304.252|-1198.058|1049.020|0.000|0.000|0.000
ObjData_43 = 19355|2304.243|-1194.855|1047.408|0.000|0.000|0.000
ObjData_44 = 19355|2305.412|-1192.104|1047.438|0.000|0.000|-46.799
ObjData_45 = 19355|2312.516|-1194.218|1048.989|0.000|0.000|-1.500
ObjData_46 = 19355|2312.530|-1194.233|1051.361|0.000|0.000|0.000
ObjData_47 = 1649|0.000|0.000|0.000|0.000|0.000|0.000
ObjData_48 = 1649|0.000|0.000|0.000|0.000|0.000|0.000
ObjData_49 = 19355|2312.331|-1198.607|1049.010|0.000|0.000|0.000
ObjData_50 = 19355|2312.321|-1198.608|1051.781|0.000|0.000|0.000
Arm10 = 0
ArmD10 = 0
Arm11 = 0
ArmD11 = 0
