[data]
Nombre = [La Caleta ll]
Dueño = Giorgio_Invernezzi
Contraseña = 32964810
Dinero = 0
Precio = 90000
VirtualWorld = 479
Interior = 15
Comprada = true
Cerrada = false
Entrada_x = 2151.274169
Entrada_y = -1598.517211
Entrada_z = 14.345762
Salida_x = 326.308105
Salida_y = 1456.211425
Salida_z = 1084.595947
Familia = 0
Contraseña_puerta = 689
Arm0 = 0
ArmD0 = 0
ObjData_0 = 2255|334.797|1457.084|1084.985|0.000|0.000|-90.000
ObjData_1 = 2313|318.336|1463.976|1083.487|-1.598|-0.699|90.400
ObjData_2 = 2298|331.451|1458.514|1083.400|-0.598|-0.900|-92.598
Arm1 = 17
ArmD1 = 100
Arm2 = 8
ArmD2 = 15
Arm3 = 13
ArmD3 = 0
Arm4 = 0
ArmD4 = 0
Arm5 = 0
ArmD5 = 0
Arm6 = 0
ArmD6 = 0
Arm7 = 0
ArmD7 = 0
Arm8 = 0
ArmD8 = 0
Arm9 = 3
ArmD9 = 0
ObjData_3 = 1727|332.620|1461.444|1083.419|0.200|-0.499|-92.800
Arm10 = 0
ArmD10 = 0
Arm11 = 0
ArmD11 = 0
Transferida = Giorgio_Invernezzi
ObjData_4 = 2779|332.250|1465.602|1083.387|0.000|0.000|-116.499
ObjData_5 = 2964|329.415|1467.379|1083.084|0.000|0.000|88.600
ObjData_6 = 2202|322.895|1467.755|1087.221|0.200|-179.800|0.000
ObjData_7 = 2202|335.322|1456.359|1087.366|0.000|-179.899|-89.300
ObjData_8 = 2202|0.000|0.000|0.000|0.000|0.000|0.000
ObjData_9 = 2232|318.399|1467.337|1084.067|0.000|0.000|57.000
ObjData_10 = 2232|318.419|1462.056|1084.026|0.000|0.000|113.499
ObjData_11 = 1649|318.312|1464.684|1084.770|0.000|0.000|90.000
ObjData_12 = 1491|325.918|1462.536|1083.450|0.000|0.000|89.499
ObjData_13 = 1491|329.075|1462.486|1083.469|0.000|0.000|-91.000
ObjData_14 = 1491|327.086|1464.820|1083.459|0.000|0.000|0.000
ObjData_15 = 19446|318.216|1464.137|1085.210|0.000|0.000|0.000
ObjData_16 = 19446|317.094|1461.446|1085.197|0.000|0.000|76.300
ObjData_17 = 19446|320.890|1467.828|1085.207|0.000|0.000|90.399
ObjData_18 = 19446|327.996|1455.859|1085.200|0.000|0.000|-14.200
ObjData_19 = 19384|325.747|1463.291|1085.196|0.000|0.000|0.000
ObjData_20 = 19384|323.369|1460.269|1085.180|0.000|0.000|88.899
ObjData_21 = 19384|326.356|1455.749|1085.200|0.000|0.000|-92.299
ObjData_22 = 19384|329.072|1461.701|1085.209|0.000|0.000|0.000
ObjData_23 = 19400|324.793|1457.523|1085.210|0.000|0.000|0.000
ObjData_24 = 1649|329.349|1457.135|1084.750|0.000|0.000|89.000
ObjData_25 = 16779|321.683|1464.577|1087.022|0.000|0.000|0.000
ObjData_26 = 2313|326.274|1466.902|1083.429|0.000|0.000|86.999
ObjData_27 = 19449|319.710|1463.050|1086.511|0.000|-90.300|0.000
ObjData_28 = 19449|323.204|1463.422|1086.531|0.000|89.799|0.000
ObjData_29 = 2135|318.413|1457.339|1083.453|0.000|0.000|89.099
ObjData_30 = 2137|318.433|1458.310|1083.459|0.000|0.000|89.399
ObjData_31 = 2137|320.360|1458.989|1083.460|0.000|0.000|0.000
ObjData_32 = 2137|321.244|1458.979|1083.459|0.000|0.000|0.000
ObjData_33 = 2140|320.098|1455.977|1083.260|0.000|0.000|-179.999
ObjData_34 = 2139|318.435|1456.358|1083.452|0.000|0.000|89.999
ObjData_35 = 2136|318.390|1458.995|1083.458|0.000|0.000|0.000
ObjData_36 = 1753|322.154|1467.484|1083.459|0.000|0.000|-39.399
ObjData_37 = 1753|324.025|1465.401|1083.446|0.000|0.000|-87.399
ObjData_38 = 1705|0.000|0.000|0.000|0.000|0.000|0.000
ObjData_39 = 1705|0.000|0.000|0.000|0.000|0.000|0.000
ObjData_40 = 2229|329.227|1459.911|1084.438|0.000|0.000|62.099
ObjData_41 = 2229|328.891|1454.814|1084.438|0.000|0.000|126.599
ObjData_42 = 19384|327.865|1464.809|1085.190|0.000|0.000|88.799
ObjData_43 = 19384|326.159|1463.325|1085.198|0.000|0.000|0.000
