[data]
Nombre = Kozmar's Place
Dueño = Edward_Lesniewicz
Contraseña = 34144467
Dinero = 0
Precio = 100000
VirtualWorld = 480
Interior = 15
Comprada = true
Cerrada = true
Entrada_x = 2165.519775
Entrada_y = -1590.748413
Entrada_z = 14.346193
Salida_x = 326.308105
Salida_y = 1456.211425
Salida_z = 1084.595947
Familia = 0
Contraseña_puerta = 1809
Arm0 = 73
ArmD0 = 90
Arm1 = 75
ArmD1 = 19
Arm2 = 0
ArmD2 = 0
Arm3 = 0
ArmD3 = 0
Arm4 = 0
ArmD4 = 0
Arm5 = 0
ArmD5 = 0
Arm6 = 0
ArmD6 = 0
Arm7 = 0
ArmD7 = 0
Arm8 = 0
ArmD8 = 0
Arm9 = 0
ArmD9 = 0
Arm10 = 0
ArmD10 = 0
ObjData_0 = 2115|319.892|1458.967|1083.466|0.000|0.000|0.000
ObjData_1 = 2079|0.000|0.000|0.000|0.000|0.000|-127.799
ObjData_2 = 2120|321.257|1457.733|1084.008|0.000|0.000|-44.200
ObjData_3 = 2779|334.747|1459.288|1083.418|0.000|0.000|-85.299
ObjData_4 = 2313|321.752|1460.907|1083.445|0.000|0.000|179.300
ObjData_5 = 2103|326.127|1469.359|1084.730|0.000|0.000|88.699
ObjData_6 = 2161|325.880|1469.118|1083.399|0.000|0.000|89.299
ObjData_7 = 2132|320.415|1456.004|1083.360|0.000|0.000|-179.799
ObjData_8 = 2141|318.437|1455.961|1083.379|0.000|0.000|-178.900
ObjData_9 = 2149|320.493|1455.829|1084.541|0.000|0.000|178.599
ObjData_10 = 2316|321.079|1460.772|1084.308|0.000|0.000|178.699
ObjData_11 = 2298|0.000|0.000|0.000|0.000|0.000|0.000
ObjData_12 = 1502|329.211|1462.484|1083.509|0.000|0.000|-90.699
ObjData_13 = 1502|331.504|1459.669|1083.408|0.000|0.000|1.100
ObjData_14 = 1502|324.841|1456.761|1083.459|0.000|0.000|92.200
ObjData_15 = 1760|334.919|1458.438|1083.418|0.000|0.000|-89.099
ObjData_16 = 1649|0.000|0.000|0.000|0.000|0.000|-179.498
ObjData_17 = 1839|332.258|1454.930|1083.457|0.000|0.000|-89.100
ObjData_18 = 1839|331.620|1454.931|1083.458|0.000|0.000|-89.000
ObjData_19 = 1840|0.000|0.000|0.000|0.000|0.000|-90.099
ObjData_20 = 1840|335.034|1454.802|1086.008|0.000|-16.299|-46.600
ObjData_21 = 1502|328.628|1464.891|1083.426|0.000|0.000|179.499
ObjData_22 = 2525|330.527|1463.265|1083.451|0.000|0.000|0.000
ObjData_23 = 2524|332.749|1461.536|1083.440|0.000|0.000|-91.900
ObjData_24 = 2132|0.000|0.000|0.000|0.000|0.000|0.000
ObjData_25 = 2141|321.407|1455.734|1083.380|0.000|0.000|-179.899
ObjData_26 = 2527|332.634|1462.280|1083.470|0.000|0.000|0.000
ObjData_27 = 2316|326.125|1467.464|1084.325|-2.199|-0.899|87.999
ObjData_28 = 2069|324.434|1466.953|1083.528|0.000|0.000|0.000
ObjData_29 = 2103|331.987|1454.830|1083.988|0.000|0.000|-178.800
ObjData_30 = 2120|319.621|1457.822|1084.028|0.000|0.000|-137.900
ObjData_31 = 2120|0.000|0.000|0.000|0.000|0.000|0.000
ObjData_32 = 1502|329.308|1456.871|1083.418|0.000|0.000|91.800
ObjData_33 = 2298|328.983|1468.746|1083.389|0.000|0.000|-91.700
ObjData_34 = 19173|317.695|1464.437|1085.331|0.000|0.000|89.699
ObjData_35 = 19172|332.838|1467.320|1085.710|0.000|0.000|-88.999
ObjData_36 = 1828|321.375|1464.726|1083.418|0.000|0.000|0.000
ObjData_37 = 16779|329.045|1467.435|1087.021|0.000|0.000|0.000
ObjData_38 = 1723|320.323|1467.847|1083.371|0.000|0.000|0.000
ObjData_39 = 1742|330.517|1454.547|1083.418|0.000|0.000|-177.899
ObjData_40 = 1649|0.000|0.000|0.000|0.000|0.000|0.000
ObjData_41 = 19354|325.789|1466.519|1084.677|0.000|0.000|-0.099
ObjData_42 = 19354|325.801|1468.457|1084.670|0.000|0.000|0.000
ObjData_43 = 19354|327.498|1470.047|1084.657|0.000|0.000|-90.099
ObjData_44 = 1808|317.874|1459.266|1083.439|0.000|0.000|89.700
ObjData_45 = 2313|326.111|1466.780|1083.489|0.000|0.000|89.099
ObjData_46 = 1724|318.179|1464.190|1083.400|0.000|0.000|89.399
ObjData_47 = 2964|332.129|1457.261|1083.349|0.000|0.000|0.000
ObjData_48 = 1502|325.748|1464.082|1083.434|0.000|0.000|-89.400
ObjData_49 = 19354|330.702|1469.984|1084.640|0.000|0.000|88.999
Transferida = Edward_Lesniewicz
