[data]
Nombre = Denver Lane Mthfks
Dueño = Frank_Crawford
Contraseña = 33095882
Dinero = 0
Precio = 90000
VirtualWorld = 481
Interior = 15
Comprada = true
Cerrada = true
Entrada_x = 2136.021240
Entrada_y = -1591.994995
Entrada_z = 14.351552
Salida_x = 326.308105
Salida_y = 1456.211425
Salida_z = 1084.595947
Familia = 0
Contraseña_puerta = 2304
Arm0 = 116
ArmD0 = 0
ObjData_0 = 2299|329.131|1467.886|1083.447|0.000|0.000|-90.199
Arm1 = 4
ArmD1 = 2
Arm2 = 3
ArmD2 = 0
Arm3 = 3
ArmD3 = 0
Arm4 = 41
ArmD4 = 10
Arm5 = 115
ArmD5 = 93
Arm6 = 74
ArmD6 = 195
Arm7 = 8
ArmD7 = 30
Arm8 = 76
ArmD8 = 30
Arm9 = 76
ArmD9 = 30
ObjData_1 = 1502|327.076|1464.847|1083.489|0.000|0.000|0.000
ObjData_2 = 2079|0.000|0.000|0.000|0.000|0.000|85.098
ObjData_3 = 2079|0.000|0.000|0.000|0.000|0.000|81.199
ObjData_4 = 2964|0.000|0.000|0.000|0.299|-0.199|0.499
ObjData_5 = 1723|334.718|1458.126|1083.459|0.000|0.000|-88.199
ObjData_6 = 1724|331.525|1456.910|1083.445|0.000|0.000|88.799
ObjData_7 = 2120|0.000|0.000|0.000|0.000|0.000|-178.199
Arm10 = 18
ArmD10 = 11
Arm11 = 22
ArmD11 = 0
ObjData_8 = 2121|321.284|1458.942|1083.991|0.000|0.000|0.000
ObjData_9 = 2120|0.000|0.000|0.000|0.000|0.000|0.000
ObjData_10 = 2525|332.459|1463.228|1083.440|0.000|0.000|0.000
ObjData_11 = 2115|320.858|1457.680|1083.479|0.000|0.000|0.000
ObjData_12 = 1817|333.635|1456.695|1083.437|0.000|0.000|89.599
ObjData_13 = 2121|321.248|1456.502|1083.947|0.000|0.000|178.899
ObjData_14 = 2526|329.853|1463.251|1083.480|0.000|0.000|0.000
ObjData_15 = 2135|319.581|1455.997|1083.336|0.000|0.000|177.799
ObjData_16 = 2137|322.559|1455.891|1083.319|0.000|0.000|179.600
ObjData_17 = 2139|318.592|1456.066|1083.362|0.000|0.000|178.999
ObjData_18 = 2313|326.363|1466.851|1083.525|0.000|0.000|90.198
ObjData_19 = 1760|320.740|1464.338|1083.425|0.000|0.000|179.400
ObjData_20 = 2128|323.613|1455.872|1083.420|0.000|0.000|179.100
ObjData_21 = 2028|326.372|1468.062|1084.108|0.000|0.000|0.000
ObjData_22 = 2103|335.048|1457.176|1085.419|0.000|0.000|-90.199
ObjData_23 = 19355|331.609|1459.849|1084.361|0.000|0.000|-87.199
ObjData_24 = 1744|335.408|1457.608|1085.063|0.000|0.000|-89.500
ObjData_25 = 1502|329.134|1462.454|1083.422|-0.000|-0.300|-88.099
ObjData_26 = 2524|332.746|1462.370|1083.500|0.000|0.000|-91.199
ObjData_27 = 2316|326.135|1467.322|1084.376|0.000|0.000|85.499
ObjData_28 = 2322|0.000|0.000|0.000|0.000|0.000|0.000
ObjData_29 = 2136|321.575|1455.893|1083.319|0.000|0.000|176.299
ObjData_30 = 2165|323.225|1459.942|1083.448|0.000|0.000|179.899
ObjData_31 = 1502|325.777|1462.534|1083.414|0.000|0.300|89.200
ObjData_32 = 2301|321.219|1460.970|1083.413|0.000|0.000|90.499
ObjData_33 = 2316|319.572|1467.808|1084.286|0.000|0.000|0.000
ObjData_34 = 2313|319.037|1467.789|1083.437|0.000|0.000|0.000
ObjData_35 = 2028|320.450|1467.897|1084.006|0.000|0.000|0.000
ObjData_36 = 2779|318.407|1463.041|1083.415|0.000|0.000|110.499
ObjData_37 = 2149|324.239|1459.967|1084.704|0.000|0.000|-179.300
ObjData_38 = 2120|322.711|1461.150|1084.071|0.000|0.000|90.199
ObjData_39 = 2120|324.173|1467.195|1084.074|0.000|0.000|88.199
ObjData_40 = 2030|324.102|1465.900|1083.835|0.000|0.000|0.000
ObjData_41 = 19173|325.634|1465.722|1085.450|0.000|0.000|87.699
ObjData_42 = 19166|317.703|1465.920|1085.049|-89.899|92.100|1.400
ObjData_43 = 1828|319.787|1466.079|1083.447|0.000|0.000|0.000
ObjData_44 = 19317|326.221|1466.572|1084.920|0.000|0.000|103.099
ObjData_45 = 1760|328.389|1468.622|1083.397|-9.100|0.199|-90.500
ObjData_46 = 2069|328.982|1466.589|1083.509|0.000|0.000|0.000
ObjData_47 = 1742|326.825|1470.095|1083.426|0.000|0.000|0.000
ObjData_48 = 2165|329.901|1469.475|1083.489|0.000|0.000|0.000
ObjData_49 = 2356|330.562|1468.410|1083.466|0.000|0.000|0.000
Transferida = 
