[data]
Nombre = Ninguno
Dueño = Diego_Granges
Contraseña = 33030347
Dinero = 0
Precio = 90000
VirtualWorld = 483
Interior = 15
Comprada = true
Cerrada = true
Entrada_x = 2172.615234
Entrada_y = -1615.227661
Entrada_z = 14.284235
Salida_x = 326.308105
Salida_y = 1456.211425
Salida_z = 1084.595947
Familia = 0
Contraseña_puerta = 421
Arm0 = 0
ArmD0 = 0
Arm1 = 0
ArmD1 = 0
Arm2 = 0
ArmD2 = 0
Arm3 = 0
ArmD3 = 0
Arm4 = 0
ArmD4 = 0
Arm5 = 0
ArmD5 = 0
Arm6 = 0
ArmD6 = 0
Arm7 = 0
ArmD7 = 0
Arm8 = 0
ArmD8 = 0
Arm9 = 0
ArmD9 = 0
ObjData_0 = 19354|335.972|1464.229|1085.176|0.000|0.000|88.599
ObjData_1 = 2165|326.290|1469.474|1083.405|-0.699|1.198|0.799
ObjData_2 = 2356|327.095|1468.508|1083.567|0.000|0.000|-0.999
ObjData_3 = 2086|332.162|1457.064|1083.608|0.000|0.000|0.000
ObjData_4 = 2167|318.628|1468.361|1083.475|0.000|0.000|0.000
ObjData_5 = 2298|328.960|1468.481|1083.560|0.000|0.500|-89.498
ObjData_6 = 2527|331.819|1463.246|1083.477|0.000|0.000|-89.099
ObjData_7 = 2524|0.000|0.000|0.000|0.000|0.000|0.000
ObjData_8 = 2524|329.734|1463.285|1083.470|0.000|0.000|0.000
ObjData_9 = 2525|330.898|1460.225|1083.506|0.799|-0.699|179.899
ObjData_10 = 1765|334.820|1456.093|1083.499|0.000|-0.299|-116.499
ObjData_11 = 1764|331.366|1455.081|1083.468|0.000|0.000|169.199
ObjData_12 = 1765|319.906|1465.950|1083.468|0.000|0.000|-65.800
ObjData_13 = 1764|333.591|1455.080|1083.446|-2.500|-0.799|177.399
ObjData_14 = 2127|323.012|1450.892|1083.689|0.000|0.000|0.000
ObjData_15 = 1764|328.079|1469.514|1083.549|0.000|0.000|0.000
ObjData_16 = 2128|324.095|1455.925|1083.319|-0.099|0.000|176.200
ObjData_17 = 2129|318.317|1456.006|1083.317|0.000|-1.000|91.200
ObjData_18 = 1717|330.317|1454.893|1085.009|1.200|-1.599|101.799
ObjData_19 = 2316|325.687|1467.434|1085.940|0.000|1.299|88.300
ObjData_20 = 2161|319.562|1468.344|1083.433|0.000|0.000|0.000
ObjData_21 = 2120|0.000|0.000|0.000|0.000|0.000|0.000
ObjData_22 = 2120|0.000|0.000|0.000|0.000|0.000|0.000
ObjData_23 = 2120|0.000|0.000|0.000|0.000|0.000|0.000
ObjData_24 = 2120|0.000|0.000|0.000|0.000|0.000|0.000
ObjData_25 = 2149|324.204|1459.810|1084.701|0.000|0.000|0.000
ObjData_26 = 2130|320.948|1456.133|1083.322|0.000|0.000|-179.400
ObjData_27 = 2069|329.649|1459.324|1083.528|0.000|0.000|0.000
ObjData_28 = 1502|333.018|1459.788|1083.398|0.000|0.000|-178.100
ObjData_29 = 1502|324.885|1458.281|1083.520|0.000|0.000|-91.799
ObjData_30 = 1502|327.090|1464.869|1083.469|0.000|0.000|0.000
ObjData_31 = 1502|329.150|1460.942|1083.510|0.000|0.000|88.300
ObjData_32 = 1502|0.000|0.000|0.000|0.000|0.000|-91.099
ObjData_33 = 2131|318.228|1458.984|1083.404|0.000|0.000|0.899
ObjData_34 = 2132|0.000|0.000|0.000|0.000|0.000|0.000
ObjData_35 = 1726|322.435|1467.786|1083.418|0.000|0.000|0.000
ObjData_36 = 1840|325.549|1464.972|1085.967|-0.299|-12.699|0.000
ObjData_37 = 1840|317.556|1460.886|1086.054|0.000|-9.799|178.600
ObjData_38 = 19354|323.080|1460.274|1084.964|0.000|0.000|-90.300
ObjData_39 = 19354|332.303|1459.245|1083.203|-0.299|-89.000|1.199
ObjData_40 = 19384|0.000|0.000|0.000|0.000|0.000|0.000
ObjData_41 = 1502|0.000|0.000|0.000|0.000|0.000|0.000
ObjData_42 = 2526|332.873|1460.783|1083.400|0.000|0.000|89.099
ObjData_43 = 2103|319.870|1468.019|1084.827|0.000|0.000|0.000
ObjData_44 = 2313|318.164|1463.632|1083.445|0.000|0.000|90.400
ObjData_45 = 1753|334.672|1459.226|1083.428|0.000|0.000|-88.699
ObjData_46 = 1753|320.294|1460.784|1083.429|0.000|0.000|179.900
ObjData_47 = 1738|326.011|1466.590|1084.039|0.000|0.000|-89.099
ObjData_48 = 1738|317.907|1462.179|1084.090|0.000|0.000|90.900
ObjData_49 = 2779|321.370|1460.872|1083.403|0.000|0.000|176.100
ObjData_50 = 2312|318.318|1464.368|1084.445|0.000|0.000|87.999
ObjData_51 = 1765|320.191|1463.878|1083.460|0.000|0.000|-124.299
ObjData_52 = 1808|321.378|1467.910|1083.509|0.000|0.000|0.000
ObjData_53 = 1726|325.004|1466.477|1083.379|0.000|0.000|-88.200
Transferida = Diego_Granges
ObjData_54 = 19354|0.000|0.000|0.000|0.000|0.000|0.000
