[data]
Nombre =  Lesniewicz 
Dueño = Matthew_Lesniewicz
Contraseña = 33489100
Dinero = 0
Precio = 90000
VirtualWorld = 485
Interior = 15
Comprada = true
Cerrada = true
Entrada_x = 2158.352294
Entrada_y = -1611.308349
Entrada_z = 14.351567
Salida_x = 326.308105
Salida_y = 1456.211425
Salida_z = 1084.595947
Familia = 0
Contraseña_puerta = 1032
Arm0 = 0
ArmD0 = 0
Arm1 = 0
ArmD1 = 0
ObjData_0 = 2356|0.000|0.000|0.000|0.000|0.000|179.399
ObjData_1 = 2165|0.000|0.000|0.000|1.500|2.000|178.899
ObjData_2 = 2316|0.000|0.000|0.000|0.000|0.000|0.000
ObjData_3 = 16779|0.000|0.000|0.000|0.000|0.000|0.000
ObjData_4 = 1840|0.000|0.000|0.000|0.000|0.000|92.199
ObjData_5 = 1840|0.000|0.000|0.000|0.000|0.000|89.300
ObjData_6 = 1839|0.000|0.000|0.000|0.000|0.000|0.000
ObjData_7 = 2779|0.000|0.000|0.000|-1.598|-1.199|-93.098
ObjData_8 = 2524|0.000|0.000|0.000|0.000|0.000|0.000
ObjData_9 = 2525|330.139|1463.244|1083.431|0.000|0.000|0.000
ObjData_10 = 2527|0.000|0.000|0.000|0.000|0.000|0.000
ObjData_11 = 1502|327.101|1464.840|1083.378|0.000|0.000|0.000
ObjData_12 = 1502|331.514|1459.563|1083.390|0.000|0.000|0.000
ObjData_13 = 1502|329.281|1460.921|1083.397|0.000|0.000|89.800
ObjData_14 = 2030|0.000|0.000|0.000|0.000|0.000|0.000
ObjData_15 = 1753|0.000|0.000|0.000|0.000|0.000|-87.099
ObjData_16 = 1762|0.000|0.000|0.000|0.000|0.000|178.800
ObjData_17 = 1765|0.000|0.000|0.000|0.000|0.000|0.000
ObjData_18 = 2128|321.390|1456.083|1083.460|0.000|0.000|-179.999
ObjData_19 = 19354|0.000|0.000|0.000|1.200|0.098|90.198
ObjData_20 = 2129|318.241|1456.036|1083.346|0.000|0.000|177.800
ObjData_21 = 2294|322.379|1456.062|1083.410|0.000|0.000|179.599
ObjData_22 = 2130|320.378|1456.071|1083.437|0.000|-1.199|176.699
Arm2 = 0
ArmD2 = 0
ObjData_23 = 19317|0.000|0.000|0.000|0.298|34.798|0.000
ObjData_24 = 1828|0.000|0.000|0.000|0.000|0.000|0.000
ObjData_25 = 2313|0.000|0.000|0.000|0.000|0.000|88.400
ObjData_26 = 2299|0.000|0.000|0.000|0.000|0.000|0.000
Arm3 = 0
ArmD3 = 0
Arm4 = 0
ArmD4 = 0
Arm5 = 0
ArmD5 = 0
ObjData_27 = 2028|0.000|0.000|0.000|0.000|0.000|0.000
ObjData_28 = 1840|0.000|0.000|0.000|0.000|0.000|-139.598
ObjData_29 = 1840|0.000|0.000|0.000|0.000|0.000|0.000
Transferida = 
