[data]
Nombre = Groove Street
Dueño = Marcos_Ezequiel
Contraseña = 122749354
Dinero = 0
Precio = 150000
VirtualWorld = 489
Interior = 8
Comprada = true
Cerrada = true
Entrada_x = 2472.946044
Entrada_y = -1238.120605
Entrada_z = 32.569477
Salida_x = 2365.263916
Salida_y = -1134.603637
Salida_z = 1050.672363
Familia = 0
Contraseña_puerta = 1974
Arm0 = 0
ArmD0 = 0
Arm1 = 0
ArmD1 = 0
Arm2 = 0
ArmD2 = 0
Arm3 = 0
ArmD3 = 0
Arm4 = 0
ArmD4 = 0
Arm5 = 0
ArmD5 = 0
Arm6 = 0
ArmD6 = 0
Arm7 = 0
ArmD7 = 0
Arm8 = 0
ArmD8 = 0
Arm9 = 0
ArmD9 = 0
ObjData_0 = 19449|0.000|0.000|0.000|-1.000|179.098|-179.899
ObjData_1 = 19357|0.000|0.000|0.000|0.000|89.698|0.000
ObjData_2 = 19357|0.000|0.000|0.000|0.000|90.099|0.000
ObjData_3 = 1726|2373.996|-1122.573|1049.826|0.000|0.000|-89.500
ObjData_4 = 1840|2369.016|-1120.080|1052.634|0.000|0.000|0.000
ObjData_5 = 19449|0.000|0.000|0.000|0.000|0.000|0.000
ObjData_6 = 0|0.000|0.000|0.000|0.000|0.000|0.000
ObjData_7 = 2312|2369.720|-1123.531|1050.594|0.000|0.000|90.600
ObjData_8 = 1727|2373.837|-1125.327|1049.834|0.000|0.000|-129.799
ObjData_9 = 1839|0.000|0.000|0.000|0.000|0.000|-89.000
ObjData_10 = 1839|0.000|0.000|0.000|0.000|0.000|0.000
ObjData_11 = 0|0.000|0.000|0.000|0.000|0.000|0.000
ObjData_12 = 0|0.000|0.000|0.000|0.000|0.000|0.000
ObjData_13 = 1840|0.000|0.000|0.000|0.000|0.000|-179.600
ObjData_14 = 1727|2372.736|-1121.238|1049.844|0.000|0.000|-28.999
ObjData_15 = 1840|2373.673|-1129.319|1052.114|0.000|0.399|-95.700
ObjData_16 = 1840|2368.917|-1125.059|1052.635|0.000|0.000|0.000
ObjData_17 = 2069|0.000|0.000|0.000|0.000|0.000|24.698
ObjData_18 = 1649|0.000|0.000|0.000|0.000|0.000|0.000
ObjData_19 = 1649|2368.986|-1122.563|1051.986|0.000|0.000|-90.000
ObjData_20 = 1649|0.000|0.000|0.000|0.000|0.000|0.000
ObjData_21 = 1738|2370.452|-1120.499|1050.404|0.000|0.000|0.000
ObjData_22 = 1840|0.000|0.000|0.000|0.000|0.000|0.000
ObjData_23 = 1742|0.000|0.000|0.000|0.000|0.000|-88.098
ObjData_24 = 1727|0.000|0.000|0.000|0.000|0.000|0.000
ObjData_25 = 19173|2361.081|-1122.420|1052.425|0.000|0.000|89.999
ObjData_26 = 19172|2364.221|-1125.304|1052.615|0.000|0.000|179.900
ObjData_27 = 19386|0.000|0.000|0.000|0.000|0.000|0.000
ObjData_28 = 19356|0.000|0.000|0.000|0.000|0.000|0.000
ObjData_29 = 1726|2372.530|-1126.313|1049.894|-2.100|0.000|-176.901
ObjData_30 = 2313|2368.579|-1121.887|1049.863|-0.999|0.099|-89.800
ObjData_31 = 1726|0.000|0.000|0.000|0.000|0.000|-0.499
ObjData_32 = 1744|0.000|0.000|0.000|0.000|0.000|0.000
ObjData_33 = 2526|0.000|0.000|0.000|0.000|0.000|0.000
ObjData_34 = 2161|0.000|0.000|0.000|-0.298|0.298|89.198
ObjData_35 = 16779|0.000|0.000|0.000|0.000|0.000|0.000
ObjData_36 = 1744|2374.646|-1129.588|1051.784|0.000|0.000|-179.500
ObjData_37 = 2964|2360.397|-1134.357|1049.814|0.000|0.000|0.000
ObjData_38 = 2779|0.000|0.000|0.000|0.000|0.000|0.000
ObjData_39 = 2127|2374.503|-1130.504|1049.784|0.000|0.000|-89.200
ObjData_40 = 2524|0.000|0.000|0.000|0.000|0.000|0.000
ObjData_41 = 2294|2374.563|-1135.495|1049.764|0.000|0.000|-89.499
ObjData_42 = 2129|2374.556|-1134.501|1049.764|0.000|0.000|-89.899
ObjData_43 = 2130|2374.524|-1132.503|1049.763|0.000|0.000|-89.600
ObjData_44 = 2161|0.000|0.000|0.000|0.000|0.000|0.000
ObjData_45 = 2313|0.000|0.000|0.000|0.000|0.000|0.000
ObjData_46 = 1839|0.000|0.000|0.000|0.000|0.000|0.000
ObjData_47 = 2525|0.000|0.000|0.000|0.000|0.000|0.000
ObjData_48 = 1208|0.000|0.000|0.000|0.000|0.000|0.000
ObjData_49 = 1817|2369.098|-1123.023|1049.774|0.000|0.000|-89.900
ObjData_50 = 1738|0.000|0.000|0.000|0.000|0.000|0.000
ObjData_51 = 0|0.000|0.000|0.000|0.000|0.000|0.000
ObjData_52 = 2301|2364.640|-1122.806|1049.822|0.000|0.000|89.700
ObjData_53 = 1828|0.000|0.000|0.000|0.000|0.000|0.000
Arm10 = 0
ArmD10 = 0
Arm11 = 0
ArmD11 = 0
Transferida = Marcos_Ezequiel
