[data]
Nombre = RD - Mudafakah
Dueño = Michael_Jeffrey
Contraseña = 33030347
Dinero = 0
Precio = 100000
VirtualWorld = 491
Interior = 3
Comprada = true
Cerrada = true
Entrada_x = 2334.617187
Entrada_y = -1266.120727
Entrada_z = 27.969293
Salida_x = 2496.000000
Salida_y = -1692.079956
Salida_z = 1014.739990
Familia = 0
Contraseña_puerta = 2705
Arm0 = 0
ArmD0 = 0
Arm1 = 0
ArmD1 = 0
Arm2 = 0
ArmD2 = 0
Arm3 = 0
ArmD3 = 0
Arm4 = 0
ArmD4 = 0
Arm5 = 0
ArmD5 = 0
Arm6 = 66
ArmD6 = 0
Arm7 = 0
ArmD7 = 0
Arm8 = 0
ArmD8 = 0
Arm9 = 0
ArmD9 = 0
ObjData_0 = 2779|2490.933|-1705.401|1017.372|0.000|0.000|87.699
ObjData_1 = 1502|2494.800|-1705.073|1013.772|0.000|0.000|0.000
ObjData_2 = 2165|2490.969|-1700.335|1013.739|0.000|0.000|91.500
ObjData_3 = 1946|2494.444|-1699.215|1017.001|0.000|0.000|0.000
ObjData_4 = 2115|2493.250|-1698.630|1013.677|0.000|0.000|6.798
ObjData_5 = 2630|2498.128|-1698.806|1013.744|0.000|0.000|-177.900
ObjData_6 = 19166|2496.700|-1702.193|1019.711|0.000|-88.399|0.099
ObjData_7 = 2964|2492.792|-1702.673|1013.681|0.000|0.000|2.499
ObjData_8 = 19429|2495.037|-1704.072|1019.184|0.000|0.000|0.000
ObjData_9 = 2120|2493.908|-1708.263|1014.252|0.000|0.000|0.000
ObjData_10 = 2120|2493.931|-1706.974|1014.302|0.000|0.000|0.000
ObjData_11 = 2120|2493.228|-1709.091|1014.331|0.000|0.000|-91.499
ObjData_12 = 2120|2493.264|-1706.021|1014.282|0.000|0.000|89.900
ObjData_13 = 2167|2490.726|-1700.372|1017.403|0.000|0.000|35.299
ObjData_14 = 1649|2493.197|-1700.147|1019.144|0.000|0.000|0.000
ObjData_15 = 1649|2498.478|-1705.015|1014.732|0.000|0.000|-179.999
ObjData_16 = 1649|2498.532|-1705.225|1014.742|0.000|0.000|0.000
ObjData_17 = 1502|2496.574|-1705.334|1018.343|0.000|0.000|0.000
ObjData_18 = 0|0.000|0.000|0.000|0.000|0.000|0.000
ObjData_19 = 2524|2496.137|-1705.019|1017.403|0.000|0.000|-90.399
ObjData_20 = 2525|2495.812|-1704.161|1017.713|0.000|0.000|63.000
ObjData_21 = 19429|2495.960|-1703.363|1019.274|0.000|0.000|88.999
Arm10 = 0
ArmD10 = 0
Arm11 = 0
ArmD11 = 0
Transferida = Michael_Jeffrey
