[data]
Nombre = ."Buggy Candela"
Dueño = Jaime_Stark
Contraseña = 245171012
Dinero = 0
Precio = 100000
VirtualWorld = 494
Interior = 3
Comprada = true
Cerrada = true
Entrada_x = 2334.632568
Entrada_y = -1234.658447
Entrada_z = 27.976562
Salida_x = 2496.000000
Salida_y = -1692.079956
Salida_z = 1014.739990
Familia = 0
Contraseña_puerta = 2091
Arm0 = 0
ArmD0 = 0
Arm1 = 0
ArmD1 = 0
Arm2 = 0
ArmD2 = 0
Arm3 = 0
ArmD3 = 0
Arm4 = 0
ArmD4 = 0
Arm5 = 0
ArmD5 = 0
Arm6 = 0
ArmD6 = 0
Arm7 = 0
ArmD7 = 0
Arm8 = 0
ArmD8 = 0
Arm9 = 0
ArmD9 = 0
Arm10 = 0
ArmD10 = 0
Arm11 = 0
ArmD11 = 0
Transferida = Jaime_Stark
ObjData_0 = 19356|2491.897|-1701.833|1015.503|0.000|0.000|90.900
ObjData_1 = 19386|2493.503|-1703.341|1015.432|0.000|0.000|0.000
ObjData_2 = 1502|2493.397|-1702.563|1013.684|0.000|0.299|-87.899
ObjData_3 = 2120|2494.221|-1706.922|1014.402|0.000|0.000|0.000
ObjData_4 = 2120|2494.186|-1708.206|1014.361|0.000|0.000|0.000
ObjData_5 = 2779|2497.662|-1704.479|1013.601|0.000|0.000|-179.100
ObjData_6 = 2627|2491.216|-1700.723|1013.711|0.000|0.000|-178.700
ObjData_7 = 2630|2492.454|-1700.971|1013.750|0.000|0.000|2.301
ObjData_8 = 2312|2490.312|-1696.210|1015.687|0.000|0.000|91.599
ObjData_9 = 2964|2493.798|-1710.797|1013.661|0.000|0.000|0.000
ObjData_10 = 1817|2491.489|-1696.629|1013.768|0.000|0.000|91.799
ObjData_11 = 2161|2490.022|-1707.638|1017.336|0.000|0.000|90.699
ObjData_12 = 2165|2492.197|-1700.297|1017.333|0.000|0.000|0.000
ObjData_13 = 2356|2492.897|-1701.132|1017.353|0.000|0.000|0.000
ObjData_14 = 2103|2490.240|-1707.470|1018.695|0.000|0.000|86.500
ObjData_15 = 2313|2490.920|-1703.138|1017.353|0.000|0.000|87.800
ObjData_16 = 1723|2497.870|-1696.342|1013.711|0.000|0.000|-89.000
ObjData_17 = 1724|2492.450|-1694.232|1013.651|0.000|0.000|0.000
ObjData_18 = 2002|2497.427|-1712.188|1013.731|0.000|0.000|-179.600
ObjData_19 = 2025|2496.308|-1704.427|1017.312|0.000|0.000|-91.099
ObjData_20 = 2517|2490.051|-1704.264|1013.631|0.000|0.000|-90.599
ObjData_21 = 2528|2490.891|-1702.727|1013.761|0.000|0.000|88.899
ObjData_22 = 2524|2492.937|-1704.428|1013.981|0.000|0.000|-178.700
ObjData_23 = 19173|2496.708|-1702.378|1019.573|0.000|0.000|89.100
ObjData_24 = 19166|2498.412|-1696.592|1015.945|-0.099|-89.600|0.000
ObjData_25 = 19317|2498.380|-1698.458|1016.440|-4.398|34.300|-94.698
ObjData_26 = 1828|2495.961|-1693.737|1013.742|0.000|0.000|-89.400
ObjData_27 = 2229|2498.793|-1693.924|1016.100|19.600|0.000|-48.099
ObjData_28 = 2229|2490.645|-1693.364|1015.991|15.200|0.000|36.999
ObjData_29 = 2232|2490.859|-1694.149|1014.350|0.000|0.000|38.900
ObjData_30 = 2232|2498.005|-1694.127|1014.350|0.000|0.000|-42.999
ObjData_31 = 2316|2490.891|-1702.450|1018.192|0.000|0.000|90.198
