[data]
Nombre = oscar white house
Dueño = Oscar_Rossis
Contraseña = 34275542
Dinero = 0
Precio = 100000
VirtualWorld = 495
Interior = 3
Comprada = true
Cerrada = true
Entrada_x = 2334.664550
Entrada_y = -1203.996582
Entrada_z = 27.976562
Salida_x = 2496.000000
Salida_y = -1692.079956
Salida_z = 1014.739990
Familia = 0
Contraseña_puerta = 1479
Arm0 = 101
ArmD0 = 0
ObjData_0 = 2525|2495.797|-1712.249|1013.742|0.000|0.000|-178.300
ObjData_1 = 2524|2494.929|-1712.159|1013.741|0.000|0.000|-178.799
ObjData_2 = 2527|2493.481|-1712.269|1013.881|0.000|0.000|87.599
ObjData_3 = 1502|2494.671|-1709.524|1013.731|0.000|0.000|0.000
ObjData_4 = 19354|2496.974|-1711.118|1015.481|0.000|0.000|0.000
ObjData_5 = 19384|2495.450|-1709.495|1015.482|0.000|0.000|88.399
ObjData_6 = 19354|2492.536|-1709.404|1015.482|0.000|0.000|-91.799
ObjData_7 = 2165|2490.904|-1700.302|1017.353|0.000|0.000|0.000
ObjData_8 = 2120|2493.867|-1708.339|1014.382|0.000|0.000|0.000
ObjData_9 = 1723|2491.106|-1696.938|1013.742|0.000|0.000|89.800
ObjData_10 = 1724|0.000|0.000|0.000|0.000|0.000|-87.900
ObjData_11 = 1723|2494.103|-1697.857|1013.742|0.000|0.000|-179.900
ObjData_12 = 1724|2496.157|-1704.512|1017.353|0.000|0.000|-122.300
Arm1 = 101
ArmD1 = 0
Arm2 = 0
ArmD2 = 0
Arm3 = 0
ArmD3 = 0
ObjData_13 = 1717|2492.226|-1694.468|1013.731|0.000|0.000|-46.100
ObjData_14 = 2115|2492.677|-1696.065|1013.734|0.000|0.000|0.000
ObjData_15 = 2161|2495.625|-1706.196|1018.336|0.000|0.000|0.000
ObjData_16 = 2120|2493.214|-1705.749|1014.314|0.000|0.000|110.400
ObjData_17 = 2120|2494.165|-1707.264|1014.381|0.000|0.000|-30.400
ObjData_18 = 2356|2491.469|-1700.811|1017.313|0.000|0.000|0.000
ObjData_19 = 2964|2493.272|-1702.906|1013.731|0.000|0.000|0.000
Arm4 = 0
ArmD4 = 0
Arm5 = 14
ArmD5 = 1500
Arm6 = 0
ArmD6 = 0
Arm7 = 76
ArmD7 = 2
Arm8 = 0
ArmD8 = 0
Arm9 = 0
ArmD9 = 0
Arm10 = 0
ArmD10 = 0
Arm11 = 0
ArmD11 = 0
Transferida = Oscar_Rossis
ObjData_20 = 0|0.000|0.000|0.000|0.000|0.000|0.000
ObjData_21 = 19386|0.000|0.000|0.000|0.000|0.000|0.000
ObjData_22 = 19354|0.000|0.000|0.000|0.000|0.000|0.000
ObjData_23 = 19354|0.000|0.000|0.000|0.000|0.000|0.000
