[data]
Nombre = ."Buggy Candela II"
Dueño = Jaime_Stark
Contraseña = 33685707
Dinero = 0
Precio = 40000
VirtualWorld = 498
Interior = 15
Comprada = true
Cerrada = true
Entrada_x = 2499.408935
Entrada_y = -1065.527343
Entrada_z = 70.132812
Salida_x = 326.308105
Salida_y = 1456.211425
Salida_z = 1084.595947
Familia = 0
Contraseña_puerta = 2091
Arm0 = 0
ArmD0 = 0
ObjData_0 = 2202|333.873|1459.200|1083.430|0.300|0.000|0.000
ObjData_1 = 2112|321.311|1464.292|1083.877|0.000|0.000|0.000
ObjData_2 = 2165|334.807|1457.071|1083.438|0.000|0.000|-89.099
ObjData_3 = 2149|321.674|1455.378|1085.212|0.000|0.000|176.999
ObjData_4 = 2313|326.378|1466.717|1083.480|-0.700|0.000|90.099
ObjData_5 = 2299|329.260|1468.084|1083.400|0.000|0.000|-92.299
ObjData_6 = 2316|326.416|1467.442|1084.347|3.300|0.000|94.099
Arm1 = 0
ArmD1 = 0
Arm2 = 0
ArmD2 = 0
Arm3 = 0
ArmD3 = 0
Arm4 = 0
ArmD4 = 0
Arm5 = 0
ArmD5 = 0
Arm6 = 0
ArmD6 = 0
Arm7 = 0
ArmD7 = 0
Arm8 = 0
ArmD8 = 0
Arm9 = 0
ArmD9 = 0
ObjData_7 = 2356|333.835|1456.395|1083.438|0.000|0.000|-95.800
ObjData_8 = 2079|322.415|1464.360|1084.061|0.000|0.000|0.000
ObjData_9 = 2079|321.579|1463.239|1084.081|-5.999|0.400|-87.500
ObjData_10 = 2079|320.046|1464.229|1084.037|0.000|0.000|-177.199
ObjData_11 = 2079|321.427|1465.581|1084.046|0.000|0.000|93.099
ObjData_12 = 2141|318.175|1455.954|1083.339|0.000|0.000|90.399
ObjData_13 = 2132|318.212|1456.955|1083.437|0.000|0.000|89.599
ObjData_14 = 1502|324.783|1456.737|1079.882|0.000|0.000|90.500
ObjData_15 = 1828|326.638|1457.588|1083.418|0.000|0.000|-88.697
ObjData_16 = 1726|320.749|1460.850|1083.410|0.000|0.000|177.800
ObjData_17 = 1409|329.620|1460.083|1083.508|0.000|0.000|0.000
ObjData_18 = 16779|321.369|1464.287|1087.027|0.000|0.000|0.000
ObjData_19 = 2069|332.429|1469.082|1083.599|0.000|0.000|0.000
ObjData_20 = 19166|322.924|1468.320|1085.635|92.000|1.700|-1.700
ObjData_21 = 2525|332.732|1461.711|1083.430|0.000|0.000|-84.499
ObjData_22 = 2524|331.286|1463.228|1083.450|0.000|0.000|0.000
ObjData_23 = 19446|0.000|0.000|0.000|0.000|0.000|0.000
ObjData_24 = 2139|318.270|1458.954|1083.444|0.000|0.000|89.899
ObjData_25 = 2139|324.183|1456.005|1083.418|0.000|0.000|-89.299
ObjData_26 = 19446|0.000|0.000|0.000|0.000|0.000|-0.200
ObjData_27 = 1839|0.000|0.000|0.000|0.000|0.000|-91.598
Transferida = Jaime_Stark
ObjData_28 = 19446|0.000|0.000|0.000|0.000|0.000|89.900
ObjData_29 = 19384|0.000|0.000|0.000|0.000|0.000|0.000
ObjData_30 = 19384|0.000|0.000|0.000|0.000|0.000|-87.699
ObjData_31 = 19384|0.000|0.000|0.000|0.000|0.000|0.000
ObjData_32 = 19446|0.000|0.000|0.000|0.000|0.000|0.000
ObjData_33 = 19446|0.000|0.000|0.000|0.000|0.000|0.000
ObjData_34 = 19446|0.000|0.000|0.000|0.000|0.000|0.000
Arm10 = 0
ArmD10 = 0
Arm11 = 0
ArmD11 = 0
