[data]
Nombre = villacon
Dueño = Trujillo_Rodrigez
Contraseña = 3276850
Dinero = 0
Precio = 20000
VirtualWorld = 502
Interior = 2
Comprada = true
Cerrada = false
Entrada_x = 2487.325439
Entrada_y = -1391.694213
Entrada_z = 29.313102
Salida_x = 266.668243
Salida_y = 305.075042
Salida_z = 999.148437
Familia = 0
Contraseña_puerta = 3045
Arm0 = 0
ArmD0 = 0
ObjData_0 = 2161|271.040|302.108|999.148|0.000|0.000|175.500
ObjData_1 = 2069|266.523|306.788|998.176|0.000|0.000|0.000
ObjData_2 = 2115|268.935|308.424|998.148|0.000|0.000|0.000
ObjData_3 = 1738|270.877|308.761|998.794|0.000|-0.098|-178.598
ObjData_4 = 1753|271.093|307.005|998.148|0.000|0.000|0.000
ObjData_5 = 1717|274.012|303.538|997.997|0.299|-0.999|171.500
ObjData_6 = 19172|274.206|304.757|1000.838|0.000|0.000|-87.599
Arm1 = 0
ArmD1 = 0
Arm2 = 0
ArmD2 = 0
Arm3 = 0
ArmD3 = 0
Arm4 = 0
ArmD4 = 0
Arm5 = 0
ArmD5 = 0
Arm6 = 0
ArmD6 = 0
Arm7 = 0
ArmD7 = 0
Arm8 = 0
ArmD8 = 0
Arm9 = 0
ArmD9 = 0
ObjData_7 = 1828|270.543|305.373|998.148|0.000|0.000|0.000
ObjData_8 = 19173|0.000|0.000|0.000|0.000|0.000|0.000
ObjData_9 = 1753|269.372|303.699|998.114|0.000|0.000|87.999
ObjData_10 = 0|0.000|0.000|0.000|0.000|0.000|0.000
ObjData_11 = 2525|0.000|0.000|0.000|0.000|0.000|0.000
ObjData_12 = 1839|0.000|0.000|0.000|0.000|0.000|0.000
ObjData_13 = 1839|0.000|0.000|0.000|0.000|0.000|0.000
ObjData_14 = 0|0.000|0.000|0.000|0.000|0.000|0.000
ObjData_15 = 0|0.000|0.000|0.000|0.000|0.000|0.000
ObjData_16 = 0|0.000|0.000|0.000|0.000|0.000|0.000
ObjData_17 = 0|0.000|0.000|0.000|0.000|0.000|0.000
ObjData_18 = 0|0.000|0.000|0.000|0.000|0.000|0.000
Arm10 = 0
ArmD10 = 0
Arm11 = 0
ArmD11 = 0
Transferida = 
