[data]
Nombre = Da HotDog's Home
Dueño = Pancho_Marquez
Contraseña = 346096509
Dinero = 0
Precio = 400000
VirtualWorld = 505
Interior = 1
Comprada = true
Cerrada = true
Entrada_x = 2247.353515
Entrada_y = -1458.963012
Entrada_z = 24.026155
Salida_x = 223.414306
Salida_y = 1273.432006
Salida_z = 1082.140014
Familia = 0
Contraseña_puerta = 1348
Arm0 = 75
ArmD0 = 17
Arm1 = 84
ArmD1 = 3
Arm2 = 76
ArmD2 = 22
Arm3 = 9
ArmD3 = 24
ObjData_0 = 2141|220.793|1277.166|1081.127|0.000|0.000|179.700
ObjData_1 = 2103|225.049|1273.004|1082.456|0.000|0.000|177.999
ObjData_2 = 2299|0.000|0.000|0.000|0.000|0.000|89.499
ObjData_3 = 2299|0.000|0.000|0.000|0.000|0.000|-89.698
ObjData_4 = 2322|234.195|1277.801|1083.953|14.400|0.000|-17.999
ObjData_5 = 1762|226.245|1276.711|1081.098|0.000|0.000|-178.700
Arm4 = 118
ArmD4 = 0
Arm5 = 7
ArmD5 = 27
Arm6 = 76
ArmD6 = 6
Arm7 = 76
ArmD7 = 3
Arm8 = 27
ArmD8 = 0
Arm9 = 7
ArmD9 = 50
ObjData_6 = 2030|220.371|1275.646|1081.537|0.000|0.000|0.000
ObjData_7 = 2526|217.574|1275.999|1081.116|0.000|0.000|0.000
ObjData_8 = 2524|218.382|1273.283|1081.126|0.000|0.000|-179.099
ObjData_9 = 2525|217.373|1274.934|1081.136|0.000|0.000|91.900
ObjData_10 = 2301|232.987|1275.315|1081.096|0.000|0.000|179.799
ObjData_11 = 2161|225.265|1272.752|1081.096|0.000|0.000|179.900
ObjData_12 = 2167|228.805|1271.839|1081.126|0.000|0.000|-179.999
ObjData_13 = 2149|217.800|1277.050|1082.317|0.000|0.000|160.799
ObjData_14 = 1502|219.381|1274.518|1081.129|0.000|0.000|-90.399
ObjData_15 = 1502|227.955|1275.131|1081.126|0.000|0.000|91.299
ObjData_16 = 2069|227.429|1274.631|1081.176|0.000|0.000|0.000
ObjData_17 = 2121|221.069|1275.906|1081.619|0.000|0.000|-72.000
ObjData_18 = 2121|220.902|1275.131|1081.637|0.000|0.000|-139.300
ObjData_19 = 2121|220.010|1274.630|1081.617|0.000|0.000|157.200
ObjData_20 = 2165|227.237|1273.270|1081.106|0.000|0.000|-179.800
ObjData_21 = 2356|227.027|1274.017|1081.109|0.000|0.000|134.799
ObjData_22 = 2140|217.062|1277.541|1081.166|0.000|0.000|120.100
ObjData_23 = 2139|218.907|1277.219|1081.106|0.000|0.000|179.599
ObjData_24 = 2137|219.847|1277.209|1081.116|0.000|0.000|179.799
ObjData_25 = 2136|217.000|1278.522|1081.049|0.000|0.000|90.299
ObjData_26 = 2139|217.976|1277.229|1081.108|0.000|0.000|179.599
ObjData_27 = 2322|225.326|1279.929|1081.857|0.000|0.000|0.000
ObjData_28 = 1723|223.408|1276.791|1081.139|0.000|0.000|90.100
ObjData_29 = 1723|227.231|1279.113|1081.137|0.000|0.000|-90.300
ObjData_30 = 1817|224.867|1279.575|1081.086|0.000|0.000|0.000
ObjData_31 = 1828|225.451|1278.805|1081.109|0.000|0.000|89.198
ObjData_32 = 16779|225.348|1278.289|1084.239|0.000|0.000|0.000
ObjData_33 = 19356|222.556|1272.099|1082.440|0.000|0.000|0.000
ObjData_34 = 19356|0.000|0.000|0.000|0.000|0.000|91.199
ObjData_35 = 19402|222.545|1278.497|1082.848|0.000|0.000|0.000
ObjData_36 = 1649|224.502|1280.013|1082.137|0.000|0.000|0.000
ObjData_37 = 19386|0.000|0.000|0.000|0.000|0.000|-88.000
ObjData_38 = 19386|222.547|1275.303|1082.880|0.000|0.000|0.000
ObjData_39 = 19386|0.000|0.000|0.000|0.000|0.000|0.000
ObjData_40 = 19356|0.000|0.000|0.000|0.000|0.000|0.000
ObjData_41 = 19447|0.000|0.000|0.000|0.000|-90.000|0.000
ObjData_42 = 19401|0.000|0.000|0.000|0.000|0.000|0.000
ObjData_43 = 19401|0.000|0.000|0.000|0.000|0.000|0.000
ObjData_44 = 19447|0.000|0.000|0.000|0.398|-1.199|0.000
ObjData_45 = 1649|231.440|1278.000|1082.588|0.000|0.000|0.000
ObjData_46 = 1649|218.627|1280.029|1082.137|0.000|0.000|0.000
ObjData_47 = 2135|218.891|1277.221|1081.117|0.000|0.000|179.600
ObjData_48 = 19355|0.000|0.000|0.000|0.000|90.000|0.000
ObjData_49 = 19448|0.000|0.000|0.000|0.000|0.000|89.899
ObjData_50 = 19429|0.000|0.000|0.000|0.000|0.000|-179.998
ObjData_51 = 2121|222.055|1273.157|1081.619|0.000|0.000|-134.799
Transferida = 
Arm10 = 85
ArmD10 = 4
