[data]
Nombre = Rancho Venezolano
Dueño = Luisangel_Rojas
Contraseña = 33095880
Dinero = 0
Precio = 70000
VirtualWorld = 506
Interior = 2
Comprada = true
Cerrada = false
Entrada_x = 2476.320800
Entrada_y = -1391.698608
Entrada_z = 29.313102
Salida_x = 266.668243
Salida_y = 305.075042
Salida_z = 999.148437
Familia = 0
Contraseña_puerta = 1234
Arm0 = 0
ArmD0 = 0
Arm1 = 0
ArmD1 = 0
Arm2 = 0
ArmD2 = 0
ObjData_0 = 2165|269.725|308.513|998.138|0.000|0.000|1.700
ObjData_1 = 2356|270.396|308.017|998.148|0.000|0.000|0.000
ObjData_2 = 2115|270.250|302.784|998.267|0.000|0.000|0.000
ObjData_3 = 2079|0.000|0.000|0.000|-11.800|0.000|-177.699
ObjData_4 = 2079|0.000|0.000|0.000|0.000|0.000|-177.299
ObjData_5 = 2079|0.000|0.000|0.000|0.000|0.000|0.000
ObjData_6 = 2079|0.000|0.000|0.000|0.000|0.000|0.000
ObjData_7 = 2069|272.269|302.944|998.335|0.000|0.000|0.000
ObjData_8 = 0|0.000|0.000|0.000|0.000|0.000|0.000
ObjData_9 = 0|0.000|0.000|0.000|0.000|0.000|0.000
ObjData_10 = 2964|274.993|304.759|1000.675|88.999|-83.399|-5.500
ObjData_11 = 1828|270.615|305.436|998.135|0.000|0.000|0.000
ObjData_12 = 19317|273.492|279.675|1004.138|0.000|0.000|0.000
ObjData_13 = 1808|266.389|302.180|998.088|0.000|0.000|148.800
ObjData_14 = 0|0.000|0.000|0.000|0.000|0.000|0.000
ObjData_15 = 1723|271.912|308.296|998.107|0.098|0.000|-43.299
ObjData_16 = 1723|266.958|306.790|998.118|0.000|0.000|44.299
ObjData_17 = 1738|0.000|0.000|0.000|0.000|0.000|0.000
ObjData_18 = 16779|270.135|305.497|1002.456|0.000|0.000|0.000
Arm3 = 0
ArmD3 = 0
Arm4 = 0
ArmD4 = 0
Arm5 = 0
ArmD5 = 0
Arm7 = 0
ArmD7 = 0
Arm6 = 0
ArmD6 = 0
Arm8 = 0
ArmD8 = 0
Arm9 = 0
ArmD9 = 0
ObjData_19 = 19317|268.720|302.196|1000.028|-5.700|-28.500|9.700
ObjData_20 = 2167|274.374|302.501|998.136|0.298|0.100|-88.499
Transferida = 
Arm10 = 0
ArmD10 = 0
