[data]
Nombre = aqui no hay drogas
Dueño = Oscar_Jhonsons
Contraseña = 33620173
Dinero = 1005
Precio = 70000
VirtualWorld = 508
Interior = 2
Comprada = true
Cerrada = false
Entrada_x = 2473.132568
Entrada_y = -1391.697265
Entrada_z = 29.313102
Salida_x = 266.668243
Salida_y = 305.075042
Salida_z = 999.148437
Familia = 0
Contraseña_puerta = 2014
Arm0 = 15
ArmD0 = 1
ObjData_0 = 2298|268.686|305.013|998.175|0.000|0.000|0.000
ObjData_1 = 2779|266.778|303.020|998.125|0.000|-0.799|88.499
ObjData_2 = 2165|270.488|302.521|998.170|2.699|1.299|-179.799
ObjData_3 = 2964|273.140|305.050|998.129|0.000|0.999|90.700
Arm1 = 0
ArmD1 = 0
Arm2 = 0
ArmD2 = 0
Arm3 = 0
ArmD3 = 0
Arm4 = 0
ArmD4 = 0
Arm5 = 0
ArmD5 = 0
Arm6 = 0
ArmD6 = 0
Arm7 = 0
ArmD7 = 0
Arm8 = 0
ArmD8 = 0
Arm9 = 0
ArmD9 = 0
Arm10 = 0
ArmD10 = 0
Arm11 = 0
ArmD11 = 0
Transferida = Oscar_Jhonsons
