[data]
Nombre = Mansion Beltran
Dueño = Antonio_Beltran
Contraseña = 0
Dinero = 0
Precio = 1
VirtualWorld = 509
Interior = 5
Comprada = true
Cerrada = true
Entrada_x = 1219.225341
Entrada_y = -1811.703613
Entrada_z = 16.593750
Salida_x = 1299.058593
Salida_y = -796.149597
Salida_z = 1084.007812
Familia = 0
Contraseña_puerta = 0
Arm0 = 0
ArmD0 = 0
Arm1 = 37
ArmD1 = 3
Arm2 = 36
ArmD2 = 2
Arm3 = 116
ArmD3 = 0
Arm4 = 0
ArmD4 = 0
Arm5 = 73
ArmD5 = 112
Arm6 = 7
ArmD6 = 20
Arm7 = 18
ArmD7 = 1
Arm8 = 10
ArmD8 = 30
Arm9 = 5
ArmD9 = 5
Arm10 = 74
ArmD10 = 200
Arm11 = 42
ArmD11 = 24
Transferida = Antonio_Beltran
