[data]
Nombre = ¡La equinita!
Dueño = Erick_Brand
Contraseña = 0
Dinero = 0
Precio = 250000
VirtualWorld = 510
Interior = 3
Comprada = true
Cerrada = true
Entrada_x = 2207.510742
Entrada_y = -1100.425537
Entrada_z = 31.554687
Salida_x = 267.569885
Salida_y = 1186.679687
Salida_z = 1080.257812
Familia = 0
Contraseña_puerta = 2394
Arm0 = 0
ArmD0 = 0
Arm1 = 0
ArmD1 = 0
Arm2 = 0
ArmD2 = 0
Arm3 = 0
ArmD3 = 0
Arm4 = 0
ArmD4 = 0
Arm5 = 0
ArmD5 = 0
Arm6 = 0
ArmD6 = 0
Arm7 = 0
ArmD7 = 0
Arm8 = 0
ArmD8 = 0
ObjData_0 = 1760|259.847|1191.134|1079.212|0.000|0.000|-9.298
ObjData_1 = 1817|262.867|1193.269|1079.223|0.000|0.000|89.400
ObjData_2 = 1723|260.714|1188.518|1080.603|2.899|-0.599|-89.799
ObjData_3 = 1723|258.957|1188.457|1080.263|2.900|0.000|-90.101
ObjData_4 = 2128|263.011|1186.562|1081.246|0.000|-0.499|-89.901
ObjData_5 = 2128|263.039|1188.775|1081.221|0.000|0.000|-89.399
ObjData_6 = 2127|251.483|1187.375|1081.703|0.000|0.000|90.199
ObjData_7 = 1840|252.457|1193.089|1079.528|1.299|0.000|-179.098
ObjData_8 = 1840|262.808|1186.573|1082.359|0.000|-8.900|-0.601
ObjData_9 = 1840|262.794|1186.583|1081.562|0.000|-5.999|-1.699
ObjData_10 = 1840|262.793|1188.770|1081.568|0.000|-8.500|-6.099
ObjData_11 = 1840|262.648|1188.756|1082.812|179.200|16.300|5.198
ObjData_12 = 1840|251.872|1193.203|1081.147|89.500|1.100|179.399
ObjData_13 = 2103|251.773|1187.877|1082.823|0.000|0.000|89.399
ObjData_14 = 2964|256.033|1192.696|1079.212|0.000|0.000|89.999
ObjData_15 = 1760|259.342|1191.488|1079.213|0.000|0.000|0.398
ObjData_16 = 1808|258.220|1194.153|1079.252|0.000|0.000|0.000
Arm9 = 0
ArmD9 = 0
Arm10 = 0
ArmD10 = 0
Arm11 = 0
ArmD11 = 0
ObjData_17 = 2069|251.809|1193.110|1079.291|0.000|0.000|0.000
ObjData_18 = 2069|251.811|1194.068|1079.302|0.000|0.000|0.000
ObjData_19 = 2312|251.962|1192.635|1080.572|0.000|0.000|88.399
ObjData_20 = 1724|257.606|1192.134|1079.141|0.000|0.000|-179.798
ObjData_21 = 1724|260.332|1194.072|1080.572|0.000|0.000|-179.899
ObjData_22 = 1840|251.669|1192.335|1081.110|90.499|3.898|179.899
ObjData_23 = 1840|251.867|1190.260|1081.127|-89.800|0.699|-179.800
ObjData_24 = 1840|251.990|1193.759|1081.723|0.000|0.000|179.100
ObjData_25 = 1840|251.705|1186.097|1082.733|0.000|-8.699|-140.199
ObjData_26 = 1840|251.562|1189.387|1082.777|0.000|-8.199|163.900
ObjData_27 = 2312|251.827|1193.529|1080.572|0.000|0.000|91.198
ObjData_28 = 2312|252.049|1193.577|1079.781|0.000|0.000|87.698
ObjData_29 = 2312|251.948|1192.591|1079.791|0.000|0.000|89.499
ObjData_30 = 16779|258.232|1190.783|1083.455|0.000|0.000|0.000
Transferida = Adolfo_Franco
ObjData_31 = 2161|0.000|0.000|0.000|0.000|0.000|0.000
ObjData_32 = 19172|251.763|1187.710|1080.163|0.000|0.000|89.999
ObjData_33 = 19172|251.758|1187.713|1081.654|0.000|0.000|89.999
ObjData_34 = 1723|0.000|0.000|0.000|0.000|0.000|0.000
ObjData_35 = 1723|0.000|0.000|0.000|0.000|0.000|0.000
ObjData_36 = 1723|255.498|1188.456|1079.372|0.000|0.000|-90.400
ObjData_37 = 1723|257.123|1188.505|1079.883|0.000|0.000|-89.499
ObjData_38 = 19354|261.908|1187.651|1080.966|-1.600|77.899|5.200
ObjData_39 = 19354|258.651|1187.561|1080.315|-0.400|78.999|0.100
ObjData_40 = 19354|255.563|1187.537|1079.606|0.000|74.900|0.000
ObjData_41 = 19427|255.756|1189.105|1078.907|-74.600|0.000|-89.699
ObjData_42 = 19354|251.675|1187.713|1080.933|0.000|0.000|0.000
