[data]
Nombre = Gracias amigo
Dueño = Antonio_Salazar
Contraseña = 457573433
Dinero = 0
Precio = 70000
VirtualWorld = 511
Interior = 2
Comprada = true
Cerrada = true
Entrada_x = 2468.301757
Entrada_y = -1391.709716
Entrada_z = 29.313102
Salida_x = 266.668243
Salida_y = 305.075042
Salida_z = 999.148437
Familia = 0
Contraseña_puerta = 2016
Arm0 = 76
ArmD0 = 4
ObjData_0 = 2167|274.460|305.734|998.397|0.000|0.000|-93.999
Arm1 = 0
ArmD1 = 0
Arm2 = 0
ArmD2 = 0
Arm3 = 0
ArmD3 = 0
ObjData_1 = 2298|270.324|305.347|998.140|0.700|0.300|-91.700
ObjData_2 = 2030|271.784|308.025|998.555|0.000|0.000|0.000
ObjData_3 = 2120|272.971|307.639|998.797|-1.200|0.300|-13.100
ObjData_4 = 2313|267.058|307.096|998.177|0.799|0.699|45.298
Arm4 = 0
ArmD4 = 0
Arm5 = 0
ArmD5 = 0
Arm6 = 0
ArmD6 = 0
ObjData_5 = 16779|269.125|304.989|1001.648|0.000|0.000|0.000
ObjData_6 = 2312|267.528|307.787|998.991|-8.100|0.699|60.599
Arm7 = 0
ArmD7 = 0
ObjData_7 = 19166|269.746|302.087|999.500|-91.599|-91.199|-91.500
Transferida = 
