[data]
Nombre = Buches'S House
Dueño = Matthew_Lesniewicz
Contraseña = 0
Dinero = 0
Precio = 570000
VirtualWorld = 513
Interior = 2
Comprada = true
Cerrada = false
Entrada_x = 612.122314
Entrada_y = -1085.957763
Entrada_z = 58.826656
Salida_x = 266.668243
Salida_y = 305.075042
Salida_z = 999.148437
Familia = 0
Contraseña_puerta = 0
Arm0 = 0
ArmD0 = 0
Arm1 = 0
ArmD1 = 0
Arm2 = 0
ArmD2 = 0
Arm3 = 0
ArmD3 = 0
Arm4 = 0
ArmD4 = 0
Arm5 = 0
ArmD5 = 0
Arm6 = 0
ArmD6 = 0
Arm7 = 0
ArmD7 = 0
Arm8 = 0
ArmD8 = 0
Arm9 = 0
ArmD9 = 0
Arm10 = 0
ArmD10 = 0
Arm11 = 0
ArmD11 = 0
ObjData_0 = 2964|271.531|306.088|998.138|0.000|0.000|0.000
ObjData_1 = 1702|272.038|302.709|998.157|1.000|1.000|-178.799
Transferida = 
