[data]
Nombre = Comaland
Dueño = Yoshida_Haru
Contraseña = 371786676
Dinero = 0
Precio = 20000
VirtualWorld = 514
Interior = 2
Comprada = true
Cerrada = true
Entrada_x = 2492.172851
Entrada_y = -1410.335083
Entrada_z = 29.313102
Salida_x = 266.668243
Salida_y = 305.075042
Salida_z = 999.148437
Familia = 0
Contraseña_puerta = 1234
Arm0 = 0
ArmD0 = 0
ObjData_0 = 1828|270.309|306.217|998.127|0.000|0.000|0.000
ObjData_1 = 0|271.975|302.438|998.325|0.000|0.000|0.000
ObjData_2 = 1723|271.052|302.705|998.115|0.099|0.000|-178.599
ObjData_3 = 19173|274.196|303.881|1000.318|0.000|0.000|-88.599
ObjData_4 = 1724|266.869|306.061|998.066|1.000|-2.100|89.599
ObjData_5 = 1724|0.000|0.000|0.000|0.000|0.000|-86.599
ObjData_6 = 1724|0.000|0.000|0.000|0.000|0.000|-89.499
ObjData_7 = 19354|0.000|0.000|0.000|0.000|0.000|0.000
Arm1 = 0
ArmD1 = 0
Arm2 = 0
ArmD2 = 0
Arm3 = 0
ArmD3 = 0
Arm4 = 0
ArmD4 = 0
Arm5 = 0
ArmD5 = 0
Arm6 = 0
ArmD6 = 0
Arm7 = 0
ArmD7 = 0
Arm8 = 0
ArmD8 = 0
Arm9 = 0
ArmD9 = 0
ObjData_8 = 2313|0.000|0.000|0.000|0.000|0.000|0.000
ObjData_9 = 2525|0.000|0.000|0.000|0.000|0.000|0.000
ObjData_10 = 1502|0.000|0.000|0.000|0.000|0.000|0.000
ObjData_11 = 19356|0.000|0.000|0.000|0.000|0.000|0.000
ObjData_12 = 1803|0.000|0.000|0.000|-0.598|-0.200|-90.599
ObjData_13 = 1702|271.792|308.355|998.245|0.000|0.000|-45.100
ObjData_14 = 2298|274.613|306.549|997.935|0.000|0.000|-178.499
ObjData_15 = 2316|270.200|308.589|998.998|0.000|0.000|0.000
ObjData_16 = 19354|0.000|0.000|0.000|0.000|0.000|0.000
ObjData_17 = 2167|266.701|302.225|998.165|0.000|0.000|178.200
ObjData_18 = 19317|267.435|302.124|1000.683|1.999|42.400|-178.100
ObjData_19 = 1803|0.000|0.000|0.000|0.000|0.000|0.000
ObjData_20 = 16779|0.000|0.000|0.000|0.000|0.000|-179.800
ObjData_21 = 2525|0.000|0.000|0.000|0.000|0.000|0.000
ObjData_22 = 2161|273.363|302.134|998.277|0.000|0.000|-179.200
ObjData_23 = 2115|270.549|304.151|997.754|0.000|0.000|-178.499
ObjData_24 = 2103|273.169|302.286|999.625|0.000|0.000|179.000
ObjData_25 = 19356|0.000|0.000|0.000|0.000|0.000|0.000
ObjData_26 = 2069|271.995|302.358|998.095|0.000|0.000|0.000
ObjData_27 = 2167|267.631|302.157|998.147|0.000|0.000|-178.199
ObjData_28 = 19172|270.180|302.140|1000.418|0.000|0.000|-179.500
ObjData_29 = 19386|0.000|0.000|0.000|0.000|0.000|0.000
ObjData_30 = 1502|0.000|0.000|0.000|0.000|0.000|0.000
ObjData_31 = 1724|0.000|0.000|0.000|0.000|0.000|0.000
ObjData_32 = 2313|269.559|308.503|998.098|0.000|0.000|0.000
Arm10 = 0
ArmD10 = 0
Arm11 = 0
ArmD11 = 0
Transferida = 
