[data]
Nombre = [CS] Golubev
Dueño = Jonathan_Distasio
Contraseña = 19726487
Dinero = 0
Precio = 1
VirtualWorld = 515
Interior = 5
Comprada = true
Cerrada = true
Entrada_x = 910.324523
Entrada_y = -817.585693
Entrada_z = 103.126029
Salida_x = 235.557998
Salida_y = 1127.533447
Salida_z = 1080.639526
Familia = 0
Contraseña_puerta = 2574
Arm0 = 13
ArmD0 = 2
ObjData_0 = 1502|237.031|1130.928|1079.843|-2.199|-0.800|-91.699
ObjData_1 = 1502|0.000|0.000|0.000|0.000|0.000|0.000
ObjData_2 = 1724|0.000|0.000|0.000|0.000|0.000|0.000
Arm1 = 114
ArmD1 = 66
Arm2 = 49
ArmD2 = 23
Arm3 = 49
ArmD3 = 0
Arm4 = 54
ArmD4 = 6
ObjData_3 = 2165|0.000|0.000|0.000|0.000|0.000|0.000
ObjData_4 = 1502|0.000|0.000|0.000|0.000|0.000|0.000
ObjData_5 = 1723|240.740|1137.658|1079.898|2.999|-1.100|176.900
ObjData_6 = 2779|0.000|0.000|0.000|0.000|0.000|0.000
ObjData_7 = 1724|0.000|0.000|0.000|0.000|0.000|0.000
ObjData_8 = 1502|0.000|0.000|0.000|0.000|0.000|0.000
ObjData_9 = 2069|0.000|0.000|0.000|0.000|0.000|0.000
ObjData_10 = 2115|238.497|1139.226|1080.003|-0.000|0.399|-2.399
ObjData_11 = 2356|0.000|0.000|0.000|0.000|0.000|0.000
ObjData_12 = 2630|0.000|0.000|0.000|0.000|0.000|0.000
Arm5 = 3
ArmD5 = 17
Arm6 = 25
ArmD6 = 0
Arm7 = 16
ArmD7 = 1
Arm8 = 79
ArmD8 = 0
Arm9 = 0
ArmD9 = 0
Arm10 = 0
ArmD10 = 0
Arm11 = 0
ArmD11 = 0
ObjData_13 = 19166|0.000|0.000|0.000|0.000|0.000|0.000
ObjData_14 = 1723|0.000|0.000|0.000|0.000|0.000|0.000
Transferida = 
