[data]
Nombre = Villas Jorge
Dueño = Jorge_Alex
Contraseña = 34734293
Dinero = 3180
Precio = 20000
VirtualWorld = 516
Interior = 2
Comprada = true
Cerrada = true
Entrada_x = 2487.310058
Entrada_y = -1410.341308
Entrada_z = 29.313102
Salida_x = 266.668243
Salida_y = 305.075042
Salida_z = 999.148437
Familia = 0
Contraseña_puerta = 123
Arm0 = 76
ArmD0 = 3
ObjData_0 = 2298|268.581|304.968|998.164|0.298|0.298|1.700
ObjData_1 = 19384|0.000|0.000|0.000|0.000|0.000|92.400
ObjData_2 = 19354|0.000|0.000|0.000|0.200|0.098|-175.098
ObjData_3 = 19354|0.000|0.000|0.000|0.000|-1.799|93.099
ObjData_4 = 0|0.000|0.000|0.000|0.000|0.000|0.000
ObjData_5 = 0|0.000|0.000|0.000|0.000|0.000|0.000
ObjData_6 = 2524|0.000|0.000|0.000|0.599|0.400|83.900
ObjData_7 = 0|0.000|0.000|0.000|0.000|0.000|0.000
ObjData_8 = 2112|0.000|0.000|0.000|0.000|0.000|-44.900
ObjData_9 = 2299|270.487|305.047|998.218|-0.099|0.000|-87.199
ObjData_10 = 0|0.000|0.000|0.000|0.000|0.000|0.000
ObjData_11 = 2527|0.000|0.000|0.000|0.000|0.000|0.000
ObjData_12 = 2313|272.573|307.850|998.165|-0.400|0.000|-44.298
ObjData_13 = 19172|272.651|302.099|1001.024|0.100|3.500|179.300
ObjData_14 = 2255|270.944|302.555|999.061|1.899|3.200|-179.899
ObjData_15 = 2265|269.166|302.586|999.085|-1.899|-0.400|-179.200
ObjData_16 = 2165|268.672|302.618|998.158|0.000|0.000|-177.498
Transferida = Jorge_Alex
ObjData_17 = 2276|269.413|302.585|1000.710|-1.100|1.399|-179.298
ObjData_18 = 2261|268.243|302.589|999.611|0.100|-7.000|-179.998
ObjData_19 = 2267|274.198|304.401|1000.725|0.499|0.799|-92.700
ObjData_20 = 2259|267.108|302.565|1000.188|0.000|0.000|-179.798
Arm1 = 76
ArmD1 = 3
Arm2 = 14
ArmD2 = 1500
Arm3 = 0
ArmD3 = 0
Arm4 = 0
ArmD4 = 0
Arm5 = 0
ArmD5 = 0
Arm6 = 14
ArmD6 = 1500
Arm7 = 0
ArmD7 = 0
