[data]
Nombre = La Casa del guapo
Dueño = Clemenzza_Tattaglia
Contraseña = 3276850
Dinero = 0
Precio = 20000
VirtualWorld = 517
Interior = 2
Comprada = true
Cerrada = true
Entrada_x = 2495.338867
Entrada_y = -1410.337768
Entrada_z = 29.313102
Salida_x = 266.668243
Salida_y = 305.075042
Salida_z = 999.148437
Familia = 0
Contraseña_puerta = 3592
Arm0 = 0
ArmD0 = 0
ObjData_0 = 1744|270.889|301.971|1000.419|0.000|0.000|-177.899
ObjData_1 = 2069|0.000|0.000|0.000|0.000|0.000|0.000
ObjData_2 = 2069|0.000|0.000|0.000|0.000|0.000|24.499
ObjData_3 = 2069|0.000|0.000|0.000|0.000|0.000|0.000
ObjData_4 = 19172|267.875|302.115|1000.508|0.000|0.000|179.099
ObjData_5 = 19173|0.000|0.000|0.000|0.000|0.000|1.098
ObjData_6 = 1502|272.709|304.362|998.107|0.000|0.000|0.000
ObjData_7 = 2316|266.055|302.973|999.769|0.000|0.000|90.700
ObjData_8 = 2103|270.331|302.248|1000.765|0.000|0.000|172.100
ObjData_9 = 1502|0.000|0.000|0.000|0.000|0.000|0.000
ObjData_10 = 1705|271.320|304.145|998.151|0.300|0.000|-89.899
ObjData_11 = 1702|0.000|0.000|0.000|2.900|-0.400|-179.098
ObjData_12 = 2096|0.000|0.000|0.000|0.000|0.000|-179.298
ObjData_13 = 2165|272.630|307.900|998.156|0.000|0.000|-44.200
ObjData_14 = 1817|269.330|302.999|998.247|2.400|-0.100|86.199
ObjData_15 = 2527|0.000|0.000|0.000|0.000|0.000|0.000
ObjData_16 = 2356|0.000|0.000|0.000|0.000|0.000|116.500
ObjData_17 = 2525|273.694|302.561|998.158|0.000|0.000|177.799
ObjData_18 = 2524|0.000|0.000|0.000|0.000|0.000|40.699
ObjData_19 = 2527|272.658|303.545|998.166|0.000|0.000|-179.099
ObjData_20 = 2167|269.874|301.633|998.588|0.000|0.000|179.099
ObjData_21 = 2298|269.007|305.301|998.165|0.000|0.000|0.000
ObjData_22 = 19173|0.000|0.000|0.000|0.000|0.000|90.299
ObjData_23 = 19355|271.935|302.749|999.848|0.000|0.000|0.000
ObjData_24 = 19385|273.458|304.371|999.845|0.000|0.000|-92.799
ObjData_25 = 19428|0.000|0.000|0.000|0.000|0.000|0.000
ObjData_26 = 19354|0.000|0.000|0.000|0.000|0.000|0.000
Arm1 = 75
ArmD1 = 30
Arm2 = 73
ArmD2 = 0
Arm3 = 67
ArmD3 = 0
Arm4 = 76
ArmD4 = 0
Arm5 = 75
ArmD5 = 16
Arm6 = 76
ArmD6 = 10
Arm7 = 85
ArmD7 = 3
Arm8 = 0
ArmD8 = 0
Arm9 = 0
ArmD9 = 0
ObjData_27 = 1828|268.735|303.367|998.128|0.000|0.000|0.000
ObjData_28 = 1808|268.319|308.688|998.107|0.000|0.000|3.700
ObjData_29 = 2356|272.409|306.822|998.147|0.000|0.000|-48.099
ObjData_30 = 1738|267.339|307.737|998.768|0.000|0.000|45.499
ObjData_31 = 16779|269.936|305.077|1002.269|0.000|0.000|0.000
Transferida = 
