[data]
Nombre = sidonia
Dueño = Sebastian_Montoya
Contraseña = 33620177
Dinero = 0
Precio = 20000
VirtualWorld = 518
Interior = 2
Comprada = true
Cerrada = false
Entrada_x = 2492.163085
Entrada_y = -1424.572998
Entrada_z = 29.016227
Salida_x = 266.668243
Salida_y = 305.075042
Salida_z = 999.148437
Familia = 0
Contraseña_puerta = 457
Arm0 = 0
ArmD0 = 0
ObjData_0 = 0|0.000|0.000|0.000|0.000|0.000|0.000
ObjData_1 = 0|0.000|0.000|0.000|0.000|0.000|0.000
ObjData_2 = 0|0.000|0.000|0.000|0.000|0.000|0.000
ObjData_3 = 2167|0.000|0.000|0.000|0.000|0.000|-83.398
ObjData_4 = 2161|0.000|0.000|0.000|0.000|0.000|-89.300
ObjData_5 = 2161|0.000|0.000|0.000|0.000|0.000|-91.299
ObjData_6 = 2161|0.000|0.000|0.000|0.000|0.000|-91.599
ObjData_7 = 2202|0.000|0.000|0.000|0.000|0.000|0.000
ObjData_8 = 2165|0.000|0.000|0.000|0.000|0.000|-177.098
ObjData_9 = 2356|0.000|0.000|0.000|0.000|0.000|-177.000
ObjData_10 = 2115|0.000|0.000|0.000|0.000|0.000|-47.298
ObjData_11 = 2115|0.000|0.000|0.000|0.000|0.000|-88.199
ObjData_12 = 1502|0.000|0.000|0.000|-2.099|178.200|-173.899
ObjData_13 = 1808|0.000|0.000|0.000|0.000|0.000|0.000
ObjData_14 = 1738|0.000|0.000|0.000|0.000|0.000|0.000
ObjData_15 = 16779|0.000|0.000|0.000|0.000|0.000|0.000
ObjData_16 = 19446|0.000|0.000|0.000|0.000|0.000|0.000
ObjData_17 = 19354|0.000|0.000|0.000|0.000|0.000|1.799
ObjData_18 = 19384|0.000|0.000|0.000|0.000|0.000|1.799
ObjData_19 = 1649|0.000|0.000|0.000|0.000|0.000|0.899
ObjData_20 = 1649|0.000|0.000|0.000|0.000|0.000|-43.798
ObjData_21 = 19356|0.000|0.000|0.000|0.000|0.000|1.299
Arm1 = 0
ArmD1 = 0
Arm2 = 0
ArmD2 = 0
Arm3 = 0
ArmD3 = 0
Arm4 = 0
ArmD4 = 0
Arm5 = 0
ArmD5 = 0
Arm6 = 0
ArmD6 = 0
Arm7 = 0
ArmD7 = 0
Arm8 = 0
ArmD8 = 0
Arm9 = 0
ArmD9 = 0
Arm10 = 0
ArmD10 = 0
ObjData_22 = 2167|0.000|0.000|0.000|0.000|0.000|-89.399
ObjData_23 = 2167|0.000|0.000|0.000|0.000|0.000|-85.198
ObjData_24 = 2167|0.000|0.000|0.000|0.000|0.000|-86.199
ObjData_25 = 2167|0.000|0.000|0.000|0.000|0.000|-91.799
ObjData_26 = 2167|0.000|0.000|0.000|0.000|0.000|-87.000
ObjData_27 = 2167|0.000|0.000|0.000|0.000|0.000|-89.299
ObjData_28 = 19166|0.000|0.000|0.000|0.000|-89.999|-89.599
ObjData_29 = 19449|0.000|0.000|0.000|0.000|-89.999|0.000
ObjData_30 = 19449|0.000|0.000|0.000|0.000|90.097|0.000
ObjData_31 = 19449|0.000|0.000|0.000|0.000|91.098|0.000
ObjData_32 = 19449|0.000|0.000|0.000|0.000|0.000|0.000
ObjData_33 = 19173|0.000|0.000|0.000|0.000|0.000|0.000
Arm11 = 0
ArmD11 = 0
ObjData_34 = 2115|0.000|0.000|0.000|0.000|0.000|89.900
ObjData_35 = 2115|0.000|0.000|0.000|0.000|0.000|-88.800
ObjData_36 = 2115|0.000|0.000|0.000|0.000|0.000|-48.598
ObjData_37 = 2115|0.000|0.000|0.000|0.000|0.000|0.000
ObjData_38 = 2115|0.000|0.000|0.000|0.000|0.000|0.000
ObjData_39 = 2115|0.000|0.000|0.000|0.000|0.000|-87.999
ObjData_40 = 19354|0.000|0.000|0.000|0.000|0.000|0.000
Transferida = 
