[data]
Nombre = Pop
Dueño = Eddie_Kaponi
Contraseña = 0
Dinero = 0
Precio = 20000
VirtualWorld = 520
Interior = 2
Comprada = true
Cerrada = true
Entrada_x = 2476.322998
Entrada_y = -1424.569702
Entrada_z = 29.313102
Salida_x = 266.668243
Salida_y = 305.075042
Salida_z = 999.148437
Familia = 0
Contraseña_puerta = 1236
Arm0 = 25
ArmD0 = 0
Arm1 = 19
ArmD1 = 13
Arm2 = 25
ArmD2 = 0
Arm3 = 24
ArmD3 = 0
Arm4 = 4
ArmD4 = 7
Arm5 = 24
ArmD5 = 0
Arm6 = 79
ArmD6 = 0
Arm7 = 115
ArmD7 = 97
Arm8 = 5
ArmD8 = 5
Arm9 = 0
ArmD9 = 0
Arm10 = 0
ArmD10 = 0
Arm11 = 0
ArmD11 = 0
ObjData_0 = 0|0.000|0.000|0.000|0.000|0.000|0.000
ObjData_1 = 0|0.000|0.000|0.000|0.000|0.000|0.000
ObjData_2 = 0|0.000|0.000|0.000|0.000|0.000|0.000
ObjData_3 = 0|0.000|0.000|0.000|0.000|0.000|0.000
ObjData_4 = 0|0.000|0.000|0.000|0.000|0.000|0.000
ObjData_5 = 0|0.000|0.000|0.000|0.000|0.000|0.000
ObjData_6 = 0|0.000|0.000|0.000|0.000|0.000|0.000
ObjData_7 = 0|0.000|0.000|0.000|0.000|0.000|0.000
ObjData_8 = 0|0.000|0.000|0.000|0.000|0.000|0.000
ObjData_9 = 0|0.000|0.000|0.000|0.000|0.000|0.000
ObjData_10 = 0|0.000|0.000|0.000|0.000|0.000|0.000
ObjData_11 = 0|0.000|0.000|0.000|0.000|0.000|0.000
ObjData_12 = 0|0.000|0.000|0.000|0.000|0.000|0.000
Transferida = 
