[data]
Nombre = El Roba Cobre
Dueño = Juanalberto_Pesto
Contraseña = 3276850
Dinero = 0
Precio = 20000
VirtualWorld = 521
Interior = 2
Comprada = true
Cerrada = true
Entrada_x = 2473.088134
Entrada_y = -1424.576171
Entrada_z = 29.313102
Salida_x = 266.668243
Salida_y = 305.075042
Salida_z = 999.148437
Familia = 0
Contraseña_puerta = 1235
Arm0 = 75
ArmD0 = 8
Arm1 = 13
ArmD1 = 0
Arm2 = 76
ArmD2 = 17
Arm3 = 85
ArmD3 = 3
Arm4 = 0
ArmD4 = 0
Arm5 = 0
ArmD5 = 0
Arm6 = 0
ArmD6 = 0
Arm7 = 0
ArmD7 = 0
Arm8 = 0
ArmD8 = 0
Arm9 = 0
ArmD9 = 0
ObjData_0 = 2313|272.599|308.212|998.225|0.000|0.000|-44.699
ObjData_1 = 1762|271.098|302.582|998.045|0.000|0.000|-179.100
ObjData_2 = 1502|267.043|303.910|998.127|0.000|0.000|0.000
ObjData_3 = 1761|266.932|306.785|998.085|0.000|0.000|46.699
ObjData_4 = 2322|269.684|303.424|1000.806|0.000|0.000|91.800
ObjData_5 = 2103|273.071|307.739|998.728|0.000|0.000|-40.500
ObjData_6 = 2525|268.925|303.304|998.158|0.000|0.000|0.000
ObjData_7 = 19354|0.000|0.000|0.000|0.000|0.000|-90.800
ObjData_8 = 19354|269.436|302.387|999.855|0.000|0.000|0.000
ObjData_9 = 19384|267.815|303.909|999.828|-0.599|-0.400|88.099
ObjData_10 = 2356|270.587|307.411|998.155|-2.000|0.000|6.001
ObjData_11 = 2964|0.000|0.000|0.000|0.000|0.000|0.000
ObjData_12 = 2527|267.700|302.579|998.148|0.000|0.000|90.899
ObjData_13 = 2160|0.000|0.000|0.000|0.000|0.000|-179.199
ObjData_14 = 2159|0.000|0.000|0.000|0.000|0.000|-179.600
ObjData_15 = 1649|0.000|0.000|0.000|0.000|0.000|0.000
ObjData_16 = 2298|270.278|304.537|998.265|-1.299|0.500|-90.500
ObjData_17 = 2165|269.807|308.463|998.158|0.000|0.000|0.000
Arm11 = 0
ArmD11 = 0
ObjData_18 = 1744|269.382|302.589|1000.185|0.000|0.000|89.499
ObjData_19 = 1742|274.190|306.142|998.168|0.000|0.000|-87.800
ObjData_20 = 16779|269.536|305.714|1002.288|0.000|0.000|0.000
ObjData_21 = 1828|270.993|305.630|998.128|0.000|0.000|0.000
Transferida = 
