[data]
Nombre = Cacciatore's No. 2
Dueño = Rafaelle_Cacciatore
Contraseña = 34275537
Dinero = 0
Precio = 20000
VirtualWorld = 522
Interior = 2
Comprada = true
Cerrada = true
Entrada_x = 2468.260742
Entrada_y = -1424.576293
Entrada_z = 29.313102
Salida_x = 266.668243
Salida_y = 305.075042
Salida_z = 999.148437
Familia = 0
Contraseña_puerta = 1943
Arm0 = 0
ArmD0 = 0
ObjData_0 = 2301|273.855|305.580|998.256|0.299|-1.300|177.899
ObjData_1 = 2313|268.114|308.454|998.164|0.000|0.000|0.000
ObjData_2 = 2312|269.269|308.634|999.056|0.000|0.000|-3.398
ObjData_3 = 19357|0.000|0.000|0.000|0.000|0.000|0.000
ObjData_4 = 19357|0.000|0.000|0.000|0.000|0.000|179.799
ObjData_5 = 1502|0.000|0.000|0.000|0.000|0.000|-35.499
ObjData_6 = 2525|271.500|306.347|998.137|0.000|0.000|87.699
ObjData_7 = 2524|273.749|306.964|998.168|0.000|0.000|-91.300
ObjData_8 = 2527|271.510|307.368|998.113|0.199|1.100|2.199
ObjData_9 = 2140|0.000|0.000|0.000|0.000|0.000|0.000
ObjData_10 = 1208|0.000|0.000|0.000|0.000|0.000|178.300
ObjData_11 = 2136|269.322|302.592|998.153|0.000|0.000|-178.399
ObjData_12 = 2135|267.368|302.554|998.150|0.499|0.000|-179.699
ObjData_13 = 1839|273.167|302.227|999.776|0.000|0.000|-93.700
ObjData_14 = 2149|269.178|302.185|1000.117|0.000|0.000|-177.799
ObjData_15 = 1840|272.538|302.390|999.838|0.000|0.000|-96.199
ObjData_16 = 1840|273.835|302.306|999.795|0.000|0.000|-85.299
ObjData_17 = 19386|0.000|0.000|0.000|0.000|0.000|-178.399
ObjData_18 = 19386|0.000|0.000|0.000|0.000|0.000|0.000
ObjData_19 = 1744|269.329|301.822|999.629|0.000|0.000|-179.200
ObjData_20 = 1828|0.000|0.000|0.000|0.000|0.000|43.999
ObjData_21 = 19173|0.000|0.000|0.000|0.000|0.000|0.000
ObjData_22 = 1502|0.000|0.000|0.000|0.000|0.000|0.000
ObjData_23 = 2069|0.000|0.000|0.000|0.000|0.000|168.199
ObjData_24 = 2167|271.748|301.972|998.125|0.000|0.000|-179.999
ObjData_25 = 1727|0.000|0.000|0.000|-6.699|-1.199|159.399
ObjData_26 = 1817|268.402|306.390|998.294|0.000|0.000|0.000
ObjData_27 = 16779|269.529|305.591|1002.255|0.000|0.000|0.000
ObjData_28 = 19166|0.000|0.000|0.000|0.000|0.000|0.000
ObjData_29 = 2161|0.000|0.000|0.000|0.000|0.000|0.000
ObjData_30 = 2165|0.000|0.000|0.000|0.000|-0.099|-91.499
ObjData_31 = 1808|266.539|303.338|998.146|0.000|0.000|84.799
ObjData_32 = 2356|0.000|0.000|0.000|0.000|0.000|0.000
ObjData_33 = 19448|267.912|304.638|998.074|0.000|-89.800|-0.699
ObjData_34 = 19448|271.388|304.739|998.065|0.000|-89.900|0.000
ObjData_35 = 1723|0.000|0.000|0.000|0.000|0.000|0.000
ObjData_36 = 2086|0.000|0.000|0.000|0.000|0.000|0.000
Arm1 = 0
ArmD1 = 0
Arm2 = 67
ArmD2 = 0
Arm3 = 0
ArmD3 = 0
Arm4 = 0
ArmD4 = 0
ObjData_37 = 1723|269.576|305.556|998.065|0.000|0.000|178.500
ObjData_38 = 1742|0.000|0.000|0.000|0.000|0.000|-173.500
ObjData_39 = 19448|272.648|305.908|998.031|0.300|-94.198|0.200
ObjData_40 = 19446|0.000|0.000|0.000|0.000|0.000|0.000
ObjData_41 = 19427|0.000|0.000|0.000|0.000|0.000|0.000
ObjData_42 = 19446|0.000|0.000|0.000|0.000|0.000|0.000
ObjData_43 = 2028|268.260|308.563|998.782|0.000|2.000|-2.398
ObjData_44 = 1724|0.000|0.000|0.000|0.000|0.000|0.000
ObjData_45 = 2139|0.000|0.000|0.000|0.000|0.000|-179.100
ObjData_46 = 2140|0.000|0.000|0.000|0.000|0.000|-179.800
ObjData_47 = 2137|270.288|302.623|998.155|0.000|0.000|-179.499
Arm5 = 0
ArmD5 = 0
Arm6 = 0
ArmD6 = 0
Arm7 = 0
ArmD7 = 0
Arm8 = 0
ArmD8 = 0
Arm9 = 0
ArmD9 = 0
Arm10 = 0
ArmD10 = 0
Arm11 = 0
ArmD11 = 0
ObjData_48 = 19427|270.947|302.937|999.826|0.000|0.000|0.000
ObjData_49 = 19384|270.941|305.171|999.835|0.000|0.000|0.000
ObjData_50 = 19384|272.647|305.951|999.835|0.000|0.000|87.199
ObjData_51 = 19427|270.947|307.197|999.844|0.000|0.000|0.000
ObjData_52 = 19427|270.942|308.446|999.838|0.000|0.000|0.000
ObjData_53 = 1502|0.000|0.000|0.000|0.000|0.000|0.000
ObjData_54 = 1738|0.000|0.000|0.000|0.000|0.000|0.000
ObjData_55 = 1502|271.847|305.950|998.125|0.000|0.199|-2.199
Transferida = 
