[data]
Nombre = Cacciatore's
Dueño = Rafaelle_Cacciatore
Contraseña = 451216429
Dinero = 0
Precio = 20000
VirtualWorld = 523
Interior = 2
Comprada = true
Cerrada = true
Entrada_x = 2468.259521
Entrada_y = -1410.340942
Entrada_z = 29.313102
Salida_x = 266.668243
Salida_y = 305.075042
Salida_z = 999.148437
Familia = 0
Contraseña_puerta = 1234
Arm0 = 0
ArmD0 = 0
Arm1 = 0
ArmD1 = 0
Arm2 = 0
ArmD2 = 0
Arm3 = 101
ArmD3 = 0
Arm4 = 101
ArmD4 = 0
Arm5 = 101
ArmD5 = 0
Arm6 = 101
ArmD6 = 0
Arm7 = 0
ArmD7 = 0
Arm8 = 101
ArmD8 = 0
Arm9 = 0
ArmD9 = 0
Arm10 = 0
ArmD10 = 0
Arm11 = 0
ArmD11 = 0
ObjData_0 = 2030|269.843|302.898|998.546|0.000|0.000|0.000
ObjData_1 = 2161|273.728|304.845|998.113|0.500|0.000|177.200
ObjData_2 = 2121|270.932|302.531|998.525|0.000|0.000|-89.500
ObjData_3 = 2121|0.000|0.000|0.000|0.200|0.000|1.199
ObjData_4 = 2121|0.000|0.000|0.000|0.000|0.000|0.000
ObjData_5 = 2121|0.000|0.000|0.000|0.000|0.000|0.000
ObjData_6 = 2069|272.001|308.516|998.216|0.000|0.000|0.000
ObjData_7 = 2127|0.000|0.000|0.000|0.000|0.000|179.600
ObjData_8 = 1808|272.690|305.092|998.093|0.000|0.000|-176.399
ObjData_9 = 1723|269.555|305.807|998.170|-2.100|-1.399|90.500
ObjData_10 = 2313|272.537|307.991|998.195|-1.099|0.000|-44.199
ObjData_11 = 2312|272.983|307.739|999.098|-1.999|0.000|-44.701
ObjData_12 = 19172|270.801|302.098|1000.127|1.599|-0.199|-179.699
ObjData_13 = 1649|0.000|0.000|0.000|0.000|0.000|0.000
ObjData_14 = 19317|274.209|303.042|1000.687|5.999|32.699|-83.700
ObjData_15 = 1840|273.941|303.207|999.458|0.000|0.000|0.000
ObjData_16 = 1724|270.385|308.404|998.388|0.000|0.000|0.899
ObjData_17 = 1803|0.000|0.000|0.000|0.000|0.000|0.300
ObjData_18 = 1817|270.224|307.313|998.104|0.000|0.000|-89.499
ObjData_19 = 1738|271.809|302.299|998.728|0.000|-1.599|179.499
ObjData_20 = 16779|271.126|305.037|1002.239|0.000|0.000|0.000
ObjData_21 = 2103|269.669|302.745|998.986|7.100|-0.499|134.499
ObjData_22 = 19173|274.237|305.137|1000.138|0.000|0.000|-91.199
ObjData_23 = 19430|269.020|302.831|999.816|0.000|0.000|0.000
ObjData_24 = 19387|267.494|304.063|999.818|0.000|0.000|94.699
ObjData_25 = 1502|266.682|304.004|998.134|0.000|-0.199|4.199
ObjData_26 = 2525|266.752|303.010|998.158|0.000|0.000|88.600
ObjData_27 = 2524|268.423|302.580|998.157|0.000|0.000|-178.599
ObjData_28 = 19430|269.023|303.411|999.815|0.000|0.000|1.199
ObjData_29 = 1502|0.000|0.000|0.000|0.000|0.000|0.000
ObjData_30 = 19166|269.124|303.134|1000.130|89.399|91.899|-0.799
ObjData_31 = 2028|270.873|306.632|998.315|0.000|0.000|0.000
ObjData_32 = 2779|267.704|307.736|998.133|0.000|0.000|46.098
ObjData_33 = 1738|268.653|303.123|998.748|0.000|0.000|90.099
ObjData_34 = 19166|268.872|303.047|999.857|-89.900|89.300|0.299
ObjData_35 = 1828|270.878|306.008|998.125|0.000|0.000|0.000
Transferida = 
