[data]
Nombre = Weed Home
Dueño = Juan_Goez
Contraseña = 40894777
Dinero = 0
Precio = 20000
VirtualWorld = 524
Interior = 2
Comprada = true
Cerrada = true
Entrada_x = 2473.084960
Entrada_y = -1410.342285
Entrada_z = 29.313102
Salida_x = 266.668243
Salida_y = 305.075042
Salida_z = 999.148437
Familia = 0
Contraseña_puerta = 5867
Arm0 = 0
ArmD0 = 0
ObjData_0 = 19428|273.115|302.846|999.148|0.000|0.000|0.000
ObjData_1 = 19385|273.104|305.181|999.791|1.598|1.399|89.398
ObjData_2 = 2112|269.943|308.271|998.538|0.000|0.000|0.000
ObjData_3 = 2120|271.057|308.260|998.705|0.000|0.000|0.000
ObjData_4 = 2120|268.756|308.311|998.775|0.000|0.000|177.399
ObjData_5 = 2316|273.774|302.709|1001.470|26.800|0.000|-135.999
ObjData_6 = 19355|271.460|303.694|999.905|0.000|0.000|0.000
ObjData_7 = 1808|274.097|306.813|998.087|-1.100|-0.998|-92.198
ObjData_8 = 16779|269.092|303.803|1002.216|0.000|0.000|0.000
ObjData_9 = 0|269.770|308.543|998.907|0.000|0.000|0.000
ObjData_10 = 1502|272.303|305.121|998.049|-2.599|0.000|-2.099
ObjData_11 = 2524|272.747|302.503|998.164|1.899|0.000|177.401
ObjData_12 = 1742|266.099|302.832|998.197|0.000|0.000|89.697
ObjData_13 = 2525|273.771|302.676|998.158|0.000|0.000|-179.399
Arm1 = 0
ArmD1 = 0
Arm2 = 0
ArmD2 = 0
Arm3 = 0
ArmD3 = 0
Arm4 = 0
ArmD4 = 0
Arm5 = 0
ArmD5 = 0
Arm6 = 0
ArmD6 = 0
Arm7 = 0
ArmD7 = 0
Transferida = 
ObjData_14 = 2298|271.579|305.953|998.122|0.000|-0.400|179.598
ObjData_15 = 19166|271.324|303.480|1000.467|-89.999|4.599|97.300
ObjData_16 = 2255|270.231|302.588|999.758|-1.498|0.100|173.899
ObjData_17 = 1786|269.810|308.283|998.898|0.000|0.000|0.000
