[data]
Nombre = Jewland
Dueño = Jotaerre_Ewins
Contraseña = 123142562
Dinero = 0
Precio = 20000
VirtualWorld = 525
Interior = 2
Comprada = true
Cerrada = true
Entrada_x = 2476.283203
Entrada_y = -1410.340454
Entrada_z = 29.313102
Salida_x = 266.668243
Salida_y = 305.075042
Salida_z = 999.148437
Familia = 0
Contraseña_puerta = 132
Arm0 = 0
ArmD0 = 0
ObjData_0 = 2298|270.254|304.415|998.158|0.000|0.000|-89.300
ObjData_1 = 2103|268.533|305.865|1000.248|0.000|0.000|89.799
ObjData_2 = 1840|268.432|303.463|1000.669|0.000|0.000|-178.100
ObjData_3 = 1840|0.000|0.000|0.000|0.000|0.000|0.000
ObjData_4 = 1742|268.281|305.701|998.217|0.000|0.000|89.900
ObjData_5 = 16779|0.000|0.000|0.000|0.000|0.000|0.000
ObjData_6 = 2312|268.533|302.665|1001.075|0.000|0.000|100.600
ObjData_7 = 1723|0.000|0.000|0.000|0.000|-34.899|0.000
Arm1 = 75
ArmD1 = 21
Arm2 = 0
ArmD2 = 0
Arm3 = 0
ArmD3 = 0
Arm4 = 0
ArmD4 = 0
Arm5 = 0
ArmD5 = 0
Arm6 = 0
ArmD6 = 0
Arm7 = 0
ArmD7 = 0
Arm8 = 0
ArmD8 = 0
Arm9 = 0
ArmD9 = 0
ObjData_8 = 1755|268.796|308.563|998.229|0.000|0.000|0.000
ObjData_9 = 2069|268.658|308.587|998.256|0.000|0.000|0.000
ObjData_10 = 19448|269.979|305.123|998.123|0.000|90.100|0.000
ObjData_11 = 19386|268.339|307.437|999.876|0.000|0.000|0.000
ObjData_12 = 1502|268.380|306.698|998.167|0.000|0.000|90.899
ObjData_13 = 19448|273.370|305.446|998.117|0.000|90.100|0.000
ObjData_14 = 19386|268.339|304.353|999.877|0.000|0.000|0.000
ObjData_15 = 1502|268.315|305.139|998.154|0.000|0.000|-90.899
ObjData_16 = 1649|0.000|0.000|0.000|1.100|-88.300|-90.200
ObjData_17 = 16779|267.379|305.082|1002.339|0.000|0.000|0.000
ObjData_18 = 19317|273.455|305.441|998.893|1.699|44.899|0.200
ObjData_19 = 1744|268.273|302.373|1000.348|0.000|0.000|91.199
ObjData_20 = 2525|267.834|307.914|998.337|0.000|0.000|-10.599
ObjData_21 = 2160|273.290|307.882|998.074|0.000|0.000|-45.200
ObjData_22 = 2157|274.043|307.396|998.049|0.000|0.000|0.000
ObjData_23 = 19448|263.533|305.909|999.859|0.000|0.000|-90.000
ObjData_24 = 2527|267.730|306.320|998.158|0.000|0.000|90.200
ObjData_25 = 2524|268.349|306.548|998.299|0.000|0.000|-178.800
ObjData_26 = 19448|268.333|301.045|996.790|90.600|0.000|0.000
ObjData_27 = 19448|275.436|305.543|997.695|0.000|0.000|-90.099
ObjData_28 = 2159|274.013|306.486|998.067|0.000|0.000|-91.100
ObjData_29 = 19166|267.275|302.113|1001.184|89.900|-178.999|-1.099
ObjData_30 = 2779|267.112|302.551|998.134|0.000|0.000|-179.800
ObjData_31 = 2165|268.782|302.115|998.178|0.000|0.000|89.899
ObjData_32 = 2356|269.691|302.498|998.197|0.000|0.000|81.399
ObjData_33 = 2141|272.490|308.509|998.149|0.000|0.000|-44.599
ObjData_34 = 2149|273.990|305.949|999.278|0.000|0.000|-108.500
ObjData_35 = 2112|271.719|306.167|998.607|0.000|0.000|0.000
ObjData_36 = 2120|272.357|306.181|998.840|0.000|0.000|0.000
ObjData_37 = 2120|271.764|306.683|998.819|0.000|0.000|88.499
ObjData_38 = 19172|274.263|303.415|1000.247|0.000|0.000|-89.899
ObjData_39 = 19173|273.070|302.079|1001.627|0.000|0.000|0.000
Transferida = 
