[data]
Nombre = | Bodega |
Dueño = Martin_Casanova
Contraseña = 33095881
Dinero = 0
Precio = 20000
VirtualWorld = 527
Interior = 2
Comprada = true
Cerrada = true
Entrada_x = 2495.319335
Entrada_y = -1391.706542
Entrada_z = 29.313102
Salida_x = 266.668243
Salida_y = 305.075042
Salida_z = 999.148437
Familia = 0
Contraseña_puerta = 132
Arm0 = 0
ArmD0 = 0
Arm1 = 0
ArmD1 = 0
Arm2 = 0
ArmD2 = 0
Arm4 = 0
ArmD4 = 0
Arm7 = 0
ArmD7 = 0
Arm3 = 0
ArmD3 = 0
ObjData_0 = 2299|273.119|302.392|997.968|0.398|-1.100|86.500
ObjData_1 = 2316|269.077|302.539|1000.655|0.000|0.600|-128.699
ObjData_2 = 19384|0.000|0.000|0.000|0.000|0.000|0.000
ObjData_3 = 1724|273.384|302.552|998.048|0.000|0.000|178.499
ObjData_4 = 2161|267.207|302.086|999.628|0.000|0.000|178.799
Arm5 = 0
ArmD5 = 0
Arm6 = 0
ArmD6 = 0
Arm8 = 0
ArmD8 = 0
Arm9 = 0
ArmD9 = 0
ObjData_5 = 2165|267.857|302.603|998.177|0.000|0.000|-179.101
ObjData_6 = 2139|267.006|306.363|997.975|0.000|0.000|47.899
ObjData_7 = 2137|267.729|307.087|998.035|0.000|0.000|47.200
ObjData_8 = 2136|268.365|307.787|997.995|0.000|0.000|43.999
ObjData_9 = 19400|271.067|309.004|999.718|0.000|0.000|84.000
ObjData_10 = 19354|274.251|303.702|999.833|0.000|0.000|-2.999
ObjData_11 = 19384|266.269|304.988|999.879|0.499|-0.099|-179.899
ObjData_12 = 19427|269.506|308.934|999.867|0.000|0.000|-82.797
ObjData_13 = 19427|273.642|307.507|999.817|0.000|0.000|49.898
ObjData_14 = 19427|272.374|308.510|999.737|0.000|0.000|-121.398
ObjData_15 = 19354|267.973|302.056|999.838|0.000|0.000|-87.799
ObjData_16 = 19427|266.267|302.630|999.896|0.299|0.799|1.799
ObjData_17 = 19446|269.719|309.915|999.899|0.300|-1.598|-46.898
ObjData_18 = 19446|274.356|310.123|999.868|0.299|0.299|-0.501
ObjData_19 = 2356|267.323|303.797|998.247|0.000|0.000|179.899
ObjData_20 = 19384|269.586|307.457|999.885|0.000|0.000|0.000
ObjData_21 = 19427|270.380|302.020|999.838|0.000|0.000|-91.199
ObjData_22 = 2202|268.833|303.379|998.118|0.000|0.000|-89.000
ObjData_23 = 16779|270.875|303.939|1002.236|0.000|0.000|0.000
ObjData_24 = 19354|269.485|302.649|999.908|0.000|0.000|-6.299
ObjData_25 = 2312|268.774|308.830|1000.618|0.000|0.000|20.199
ObjData_26 = 19384|267.972|304.100|999.878|0.000|0.000|90.500
ObjData_27 = 19427|0.000|0.000|0.000|0.000|0.000|0.000
ObjData_28 = 19173|269.693|303.193|1000.188|0.000|0.000|-94.299
ObjData_29 = 19354|272.715|302.061|999.776|-0.899|0.600|-90.299
ObjData_30 = 19384|267.879|305.855|999.853|0.000|-1.200|-87.299
ObjData_31 = 2069|273.875|302.338|998.178|0.000|0.000|0.000
ObjData_32 = 1808|269.205|306.206|998.148|0.099|0.000|-175.299
ObjData_33 = 2525|0.000|0.000|0.000|0.000|0.000|0.000
ObjData_34 = 1742|274.263|303.733|998.145|0.000|0.000|-93.700
Transferida = 
Arm11 = 0
ArmD11 = 0
ObjData_35 = 2103|267.596|307.224|999.088|0.599|0.899|44.000
ObjData_36 = 2112|0.000|0.000|0.000|0.000|0.000|0.000
ObjData_37 = 2120|0.000|0.000|0.000|0.000|0.000|0.000
ObjData_38 = 2120|0.000|0.000|0.000|0.000|0.000|0.000
ObjData_39 = 2141|0.000|0.000|0.000|0.000|0.000|0.000
