[data]
Nombre = Materiales "Emmet"
Dueño = Roman_Fretes
Contraseña = 32964813
Dinero = 0
Precio = 100000
VirtualWorld = 528
Interior = 15
Comprada = true
Cerrada = true
Entrada_x = 1912.615478
Entrada_y = -1070.486328
Entrada_z = 24.236845
Salida_x = 326.308105
Salida_y = 1456.211425
Salida_z = 1084.595947
Familia = 0
Contraseña_puerta = 1209
Arm0 = 73
ArmD0 = 148
ObjData_0 = 2313|331.701|1465.366|1083.429|0.000|0.000|179.399
ObjData_1 = 2298|329.596|1465.999|1083.395|0.000|0.000|-1.199
ObjData_2 = 19354|327.423|1460.301|1083.104|90.900|1.200|89.198
ObjData_3 = 1753|325.162|1466.720|1083.396|-0.699|0.000|-89.299
ObjData_4 = 1753|321.896|1467.642|1083.423|2.200|0.401|-0.600
ObjData_5 = 2141|321.991|1455.842|1083.349|0.000|0.000|-178.099
ObjData_6 = 2132|324.020|1455.894|1083.389|0.000|0.000|-179.799
ObjData_7 = 2115|318.251|1456.839|1083.456|0.000|0.000|90.799
ObjData_8 = 2120|319.379|1456.098|1084.088|0.000|0.000|-134.199
ObjData_9 = 2149|324.123|1455.870|1084.598|0.000|0.000|-157.600
ObjData_10 = 2525|330.519|1463.245|1083.457|0.000|0.000|0.000
ObjData_11 = 2524|330.445|1460.232|1083.438|0.300|-0.899|175.700
ObjData_12 = 1649|326.970|1460.215|1086.777|0.000|-0.097|-178.898
ObjData_13 = 1840|331.800|1465.238|1083.939|0.000|0.000|-108.300
ObjData_14 = 1840|330.188|1465.281|1083.919|0.000|0.000|-68.999
ObjData_15 = 2312|331.012|1465.338|1084.318|-1.300|-0.499|179.400
ObjData_16 = 1817|322.545|1465.538|1083.369|0.000|0.000|0.000
ObjData_17 = 2120|319.478|1458.718|1084.098|0.000|0.000|133.100
ObjData_18 = 1839|329.687|1469.701|1083.906|0.000|0.000|89.599
ObjData_19 = 2527|332.648|1462.251|1083.400|0.000|0.000|0.000
ObjData_20 = 2779|325.191|1461.267|1083.421|0.000|0.000|-88.899
ObjData_21 = 2069|325.355|1459.915|1083.519|0.000|0.000|0.000
ObjData_22 = 1409|325.299|1459.223|1083.572|0.000|0.000|-89.400
ObjData_23 = 2312|324.083|1459.960|1084.953|0.401|0.697|-61.298
ObjData_24 = 2312|329.745|1455.210|1085.943|10.399|2.700|115.699
ObjData_25 = 19172|327.660|1469.984|1085.260|0.000|0.000|0.000
ObjData_26 = 19173|317.719|1464.343|1085.599|2.499|-1.699|89.898
ObjData_27 = 19354|332.101|1460.192|1083.306|0.000|-90.899|0.000
ObjData_28 = 1808|328.906|1459.469|1083.429|0.000|-0.299|-86.599
ObjData_29 = 2069|332.628|1465.128|1083.496|0.000|0.000|0.000
ObjData_30 = 19166|318.934|1455.622|1085.297|-0.199|-90.598|-90.899
ObjData_31 = 1738|328.321|1455.631|1083.859|0.000|0.000|0.000
Arm1 = 11
ArmD1 = 50
ObjData_32 = 1208|332.980|1461.793|1083.430|0.000|0.000|88.499
Arm2 = 52
ArmD2 = 0
Arm3 = 116
ArmD3 = 17
Arm4 = 13
ArmD4 = 0
ObjData_33 = 2165|326.332|1466.849|1083.437|0.000|0.000|90.200
ObjData_34 = 19354|320.182|1459.412|1085.144|-0.701|-178.899|-89.799
ObjData_35 = 19384|327.473|1462.551|1084.926|0.000|0.000|-83.598
ObjData_36 = 1502|327.097|1464.947|1083.429|0.000|0.000|0.000
ObjData_37 = 19354|327.416|1460.178|1087.269|-89.499|0.000|-88.899
ObjData_38 = 1649|327.882|1460.168|1086.609|1.598|-0.100|-1.099
Arm5 = 5
ArmD5 = 0
Arm6 = 55
ArmD6 = 4
Arm7 = 40
ArmD7 = 1
Arm8 = 48
ArmD8 = 8
Arm9 = 3
ArmD9 = 3
Arm10 = 9
ArmD10 = 30
Arm11 = 0
ArmD11 = 0
ObjData_39 = 19446|329.325|1454.857|1085.088|-179.600|1.498|0.199
ObjData_40 = 2356|334.061|1455.724|1083.418|0.000|0.000|96.200
ObjData_41 = 2165|332.784|1455.191|1083.469|0.000|0.000|93.899
ObjData_42 = 1502|329.142|1460.954|1083.427|0.000|0.000|93.100
ObjData_43 = 19446|324.614|1454.433|1085.093|0.000|0.000|0.000
ObjData_44 = 1808|334.503|1459.459|1083.428|0.000|0.000|0.000
Transferida = 
