[data]
Nombre = [Sucursal #Tupamaro's]
Dueño = Steven_Mcdoling
Contraseña = 125174181
Dinero = 0
Precio = 75000
VirtualWorld = 529
Interior = 15
Comprada = true
Cerrada = false
Entrada_x = 1916.894042
Entrada_y = -1064.720336
Entrada_z = 24.124662
Salida_x = 326.308105
Salida_y = 1456.211425
Salida_z = 1084.595947
Familia = 0
Contraseña_puerta = 2480
Arm0 = 0
ArmD0 = 0
ObjData_0 = 1828|320.240|1464.157|1083.422|0.000|0.000|91.800
ObjData_1 = 1723|319.192|1466.607|1083.427|0.000|0.000|0.000
ObjData_2 = 2316|326.121|1467.233|1085.110|0.000|0.000|87.799
ObjData_3 = 19172|335.274|1457.043|1085.409|0.000|0.700|-89.999
ObjData_4 = 1817|318.691|1463.584|1083.407|0.000|0.000|90.999
ObjData_5 = 19172|332.853|1467.499|1085.374|0.000|1.100|-89.999
Arm2 = 0
ArmD2 = 0
ObjData_6 = 1502|329.258|1458.416|1083.437|1.599|0.599|-89.599
ObjData_7 = 2299|329.284|1468.120|1083.438|0.000|0.000|-91.499
ObjData_8 = 1723|322.505|1465.536|1083.446|0.000|0.000|-89.198
ObjData_9 = 2161|325.882|1467.048|1083.406|0.000|0.000|89.600
ObjData_10 = 2299|331.716|1457.440|1083.378|0.000|0.000|-89.300
ObjData_11 = 1828|327.040|1458.171|1083.464|1.199|0.600|-89.100
ObjData_12 = 19317|332.653|1467.586|1085.505|-4.500|55.700|-96.399
ObjData_13 = 2527|332.676|1462.274|1083.510|0.000|0.000|0.000
ObjData_14 = 2525|330.266|1463.253|1083.450|0.000|0.000|0.000
ObjData_15 = 2524|331.177|1463.268|1083.450|0.000|0.000|0.000
ObjData_16 = 2964|318.809|1461.045|1083.407|0.000|0.000|0.000
ObjData_17 = 1502|331.490|1459.723|1083.427|0.000|0.000|0.000
ObjData_18 = 1502|329.330|1462.488|1083.435|0.299|0.000|-92.699
ObjData_19 = 1502|324.748|1458.275|1083.429|0.000|0.000|-90.300
ObjData_20 = 1502|327.095|1464.932|1083.438|0.000|0.000|0.000
ObjData_21 = 1502|325.722|1464.081|1083.439|0.000|0.000|-88.899
ObjData_22 = 2128|318.201|1456.979|1083.286|0.000|0.000|89.799
ObjData_23 = 2127|318.184|1457.954|1083.298|0.000|0.000|93.000
ObjData_24 = 2129|318.208|1455.981|1083.271|0.000|0.700|90.399
ObjData_25 = 0|0.000|0.000|0.000|0.000|0.000|0.000
ObjData_26 = 0|0.000|0.000|0.000|0.000|0.000|0.000
ObjData_27 = 2149|324.111|1459.865|1084.699|0.000|0.000|0.000
ObjData_28 = 19173|332.250|1454.713|1085.036|2.198|-0.398|0.000
ObjData_29 = 16779|332.379|1457.005|1087.039|0.000|0.000|0.000
ObjData_30 = 2779|325.234|1467.827|1083.436|0.000|0.000|0.000
ObjData_31 = 2120|320.444|1456.943|1084.076|0.000|0.400|-85.698
ObjData_32 = 2120|320.437|1458.289|1084.038|0.000|0.000|88.500
ObjData_33 = 2120|321.291|1457.003|1084.077|0.000|0.000|-85.099
ObjData_34 = 2120|321.368|1458.273|1084.091|-3.799|-0.398|88.900
ObjData_35 = 2316|318.323|1464.037|1084.256|0.000|0.000|92.800
ObjData_36 = 2115|320.326|1457.673|1083.459|0.000|0.000|0.000
ObjData_37 = 0|0.000|0.000|0.000|0.000|0.000|0.000
ObjData_38 = 16779|322.319|1463.177|1086.994|0.000|0.000|0.000
Arm1 = 0
ArmD1 = 0
Transferida = Derek_Finnegan
Arm3 = 0
ArmD3 = 0
Arm4 = 0
ArmD4 = 0
Arm5 = 0
ArmD5 = 0
Arm6 = 0
ArmD6 = 0
Arm7 = 0
ArmD7 = 0
Arm8 = 0
ArmD8 = 0
Arm9 = 0
ArmD9 = 0
Arm10 = 0
ArmD10 = 0
Arm11 = 0
ArmD11 = 0
