[data]
Nombre = Jysus Cry
Dueño = Steve_Franklin
Contraseña = 32243907
Dinero = 0
Precio = 1
VirtualWorld = 533
Interior = 15
Comprada = true
Cerrada = false
Entrada_x = 1959.563232
Entrada_y = -1070.128417
Entrada_z = 24.796701
Salida_x = 326.308105
Salida_y = 1456.211425
Salida_z = 1084.595947
Familia = 0
Contraseña_puerta = 812
Arm0 = 0
ArmD0 = 0
ObjData_0 = 2128|332.727|1463.227|1083.420|0.000|0.000|0.000
ObjData_1 = 1839|318.209|1464.669|1083.481|0.400|-0.000|-179.500
ObjData_2 = 1840|321.572|1468.123|1084.037|-0.499|0.000|86.499
ObjData_3 = 1840|320.006|1468.101|1084.023|-0.899|3.899|90.099
ObjData_4 = 2299|330.085|1466.077|1083.368|0.000|0.000|0.000
ObjData_5 = 2316|320.779|1468.111|1084.406|0.000|0.000|0.000
ObjData_6 = 2313|320.075|1467.879|1083.546|0.000|0.000|0.000
ObjData_7 = 2115|331.378|1456.553|1083.498|0.000|0.000|0.000
ObjData_8 = 2128|327.843|1469.451|1083.386|0.000|0.000|0.000
ObjData_9 = 2127|330.670|1463.271|1083.431|0.000|0.000|0.000
ObjData_10 = 2294|329.942|1460.350|1083.450|0.000|0.000|177.699
ObjData_11 = 19173|323.282|1468.242|1085.710|0.000|0.000|0.000
ObjData_12 = 1760|321.890|1464.604|1083.478|1.800|0.899|-176.400
ObjData_13 = 0|326.548|1457.895|1083.468|0.000|1.899|-90.299
ObjData_14 = 0|0.000|0.000|0.000|0.000|0.000|0.000
ObjData_15 = 0|0.000|0.000|0.000|0.000|0.000|0.000
ObjData_16 = 1817|320.846|1465.878|1083.437|0.000|0.000|0.000
ObjData_17 = 1738|320.903|1460.538|1083.946|0.000|0.000|0.000
ObjData_18 = 16779|320.325|1462.769|1086.429|0.000|0.000|0.000
ObjData_19 = 1828|0.000|0.000|0.000|0.000|0.000|0.000
ObjData_20 = 1755|323.537|1465.455|1083.460|-1.900|-1.800|-154.700
Arm1 = 0
ArmD1 = 0
Arm2 = 0
ArmD2 = 0
Arm3 = 0
ArmD3 = 0
Arm4 = 0
ArmD4 = 0
Transferida = Jesus_Lopezno
Arm5 = 0
ArmD5 = 0
Arm6 = 0
ArmD6 = 0
Arm7 = 0
ArmD7 = 0
Arm8 = 0
ArmD8 = 0
Arm9 = 0
ArmD9 = 0
Arm10 = 0
ArmD10 = 0
Arm11 = 0
ArmD11 = 0
