[data]
Nombre = Familia Facuz
Dueño = Dark_Silva
Contraseña = 307037020
Dinero = 0
Precio = 100000
VirtualWorld = 534
Interior = 15
Comprada = true
Cerrada = true
Entrada_x = 1891.770629
Entrada_y = -1070.571655
Entrada_z = 23.937500
Salida_x = 326.308105
Salida_y = 1456.211425
Salida_z = 1084.595947
Familia = 0
Contraseña_puerta = 1324
Arm0 = 0
ArmD0 = 0
ObjData_0 = 1502|329.148|1462.466|1083.409|0.000|0.000|-87.199
ObjData_1 = 1502|327.086|1464.874|1083.429|0.000|0.000|0.000
ObjData_2 = 1502|325.773|1462.542|1083.419|0.000|0.000|94.199
ObjData_3 = 1502|329.150|1458.398|1083.459|0.000|0.000|-84.400
ObjData_4 = 1502|324.768|1456.761|1083.439|0.000|0.000|89.199
ObjData_5 = 1502|331.490|1459.701|1083.427|0.000|0.000|0.000
ObjData_6 = 2527|330.744|1460.232|1083.388|-0.000|-0.499|90.500
ObjData_7 = 2525|332.785|1462.494|1083.450|0.000|0.000|-90.299
ObjData_8 = 2524|330.466|1463.261|1083.490|0.000|0.000|0.000
ObjData_9 = 2316|325.737|1467.883|1085.290|0.000|0.000|91.099
ObjData_10 = 19166|327.965|1469.938|1085.086|88.299|-0.899|0.000
ObjData_11 = 1817|0.000|0.000|0.000|0.000|0.000|-88.900
ObjData_12 = 2964|0.000|0.000|0.000|0.000|0.000|0.000
ObjData_13 = 1723|318.190|1461.063|1083.334|0.000|0.000|90.099
ObjData_14 = 2149|319.915|1455.429|1084.890|0.000|0.000|177.299
ObjData_15 = 1828|0.000|0.000|0.000|0.000|0.000|0.000
ObjData_16 = 2079|326.517|1469.350|1084.047|0.000|0.000|111.800
ObjData_17 = 2120|326.860|1466.412|1084.067|0.000|0.000|-104.299
ObjData_18 = 2298|331.276|1458.385|1083.388|0.000|0.000|-88.399
ObjData_19 = 2132|318.227|1457.008|1083.410|0.000|0.000|90.200
ObjData_20 = 2069|0.000|0.000|0.000|0.000|0.000|0.000
ObjData_21 = 16779|328.858|1467.604|1086.661|0.000|0.000|0.000
ObjData_22 = 2165|327.329|1468.341|1083.426|0.000|0.000|179.600
ObjData_23 = 2028|318.219|1455.989|1083.360|0.000|0.000|91.299
ObjData_24 = 2161|329.929|1464.894|1083.419|0.000|0.000|178.700
ObjData_25 = 2141|318.205|1455.999|1083.358|0.000|0.000|90.999
ObjData_26 = 2313|0.000|0.000|0.000|0.000|0.000|93.899
ObjData_27 = 1727|325.309|1459.018|1083.369|0.000|0.000|68.400
ObjData_28 = 1723|323.588|1460.863|1083.393|0.000|0.000|178.599
Arm1 = 0
ArmD1 = 0
Arm2 = 0
ArmD2 = 0
Arm3 = 0
ArmD3 = 0
Arm4 = 0
ArmD4 = 0
Arm5 = 0
ArmD5 = 0
Arm6 = 0
ArmD6 = 0
Arm7 = 0
ArmD7 = 0
Arm8 = 55
ArmD8 = 0
Arm9 = 74
ArmD9 = 14
Arm10 = 40
ArmD10 = 0
Arm11 = 0
ArmD11 = 0
ObjData_29 = 2165|326.330|1467.357|1083.419|0.000|0.000|-0.299
ObjData_30 = 2167|321.556|1464.474|1083.784|0.200|-88.199|4.100
ObjData_31 = 2167|321.335|1464.470|1084.164|-1.000|-0.600|2.499
ObjData_32 = 2167|320.518|1464.426|1084.159|0.000|0.000|0.000
ObjData_33 = 2356|0.000|0.000|0.000|0.000|0.000|0.000
ObjData_34 = 2356|0.000|0.000|0.000|0.000|0.000|0.000
ObjData_35 = 1649|322.563|1459.897|1084.969|0.000|0.000|0.000
ObjData_36 = 1649|322.664|1460.048|1084.951|0.000|0.000|-179.100
ObjData_37 = 2141|318.168|1459.018|1083.379|0.000|0.000|91.999
ObjData_38 = 1409|324.153|1458.996|1083.488|0.000|0.000|0.000
ObjData_39 = 19354|324.072|1464.256|1084.914|0.000|0.000|92.599
ObjData_40 = 19384|320.876|1464.045|1084.925|0.000|0.000|94.300
ObjData_41 = 19427|318.483|1463.891|1084.927|0.000|0.000|91.899
ObjData_42 = 2131|320.004|1459.750|1083.328|0.000|0.000|0.000
ObjData_43 = 2202|330.033|1469.518|1083.419|0.000|0.000|0.000
ObjData_44 = 1808|324.470|1456.008|1083.408|0.000|0.000|-87.400
ObjData_45 = 2134|0.000|0.000|0.000|0.000|0.000|0.000
ObjData_46 = 2167|332.790|1468.360|1083.429|0.000|0.000|-87.800
ObjData_47 = 2167|332.817|1467.397|1083.428|0.000|0.000|-88.699
ObjData_48 = 2167|332.815|1466.464|1083.429|0.000|0.000|-89.100
Transferida = 
