[data]
Nombre = Mansi칩n del olimpo
Due침o = Jesus_Guerrero
Contrase침a = 0
Dinero = 0
Precio = 70000
VirtualWorld = 536
Interior = 2
Comprada = true
Cerrada = true
Entrada_x = 2495.328857
Entrada_y = -1376.263671
Entrada_z = 29.313102
Salida_x = 266.668243
Salida_y = 305.075042
Salida_z = 999.148437
Familia = 0
Contrase침a_puerta = 2016
Arm0 = 3
ArmD0 = 0
ObjData_0 = 1726|269.188|308.190|998.128|0.000|0.000|0.000
ObjData_1 = 19427|0.000|0.000|0.000|0.000|0.000|0.000
ObjData_2 = 16779|268.869|305.170|1002.238|0.000|0.000|0.000
ObjData_3 = 2312|270.057|301.955|1000.528|0.000|0.000|179.800
ObjData_4 = 2167|268.718|301.641|998.438|0.000|0.000|-179.999
ObjData_5 = 2086|269.937|305.784|998.548|0.000|0.000|0.000
ObjData_6 = 2161|272.618|302.124|1000.588|0.000|0.000|-178.998
ObjData_7 = 1828|270.084|305.820|998.128|0.000|0.000|0.000
ObjData_8 = 19317|267.681|302.132|1001.052|1.199|62.099|178.199
ObjData_9 = 2630|0.000|0.000|0.000|0.000|0.000|0.000
ObjData_10 = 2627|0.000|0.000|0.000|0.000|0.000|179.699
ObjData_11 = 2964|0.000|0.000|0.000|0.000|0.000|0.000
ObjData_12 = 2525|271.439|303.503|998.108|0.000|0.000|1.400
ObjData_13 = 2524|271.698|301.886|998.145|0.000|0.000|91.799
ObjData_14 = 2527|272.661|302.723|998.148|0.000|0.000|-93.399
ObjData_15 = 19354|271.108|302.456|999.868|0.000|0.000|0.000
ObjData_16 = 19384|272.632|304.055|999.878|0.000|0.000|-87.299
ObjData_17 = 1502|271.867|304.004|998.127|0.000|0.000|0.000
ObjData_18 = 2028|0.000|0.000|0.000|0.000|0.000|-173.500
ObjData_19 = 1808|266.564|306.188|998.168|0.000|-0.800|87.399
ObjData_20 = 1738|269.605|308.813|998.798|0.000|0.000|0.000
Arm1 = 0
ArmD1 = 0
Arm2 = 0
ArmD2 = 0
Arm11 = 0
ArmD11 = 0
Arm10 = 0
ArmD10 = 0
Arm9 = 0
ArmD9 = 0
Arm3 = 0
ArmD3 = 0
Arm4 = 0
ArmD4 = 0
Arm5 = 0
ArmD5 = 0
Arm6 = 0
ArmD6 = 0
Arm7 = 0
ArmD7 = 0
Arm8 = 0
ArmD8 = 0
Transferida = Jesus_Guerrero
