[data]
Nombre = El mafia
Dueño = Gabby_Lares
Contraseña = 116064649
Dinero = 0
Precio = 70000
VirtualWorld = 537
Interior = 2
Comprada = true
Cerrada = true
Entrada_x = 2492.158935
Entrada_y = -1376.254394
Entrada_z = 29.313102
Salida_x = 266.668243
Salida_y = 305.075042
Salida_z = 999.148437
Familia = 0
Contraseña_puerta = 2017
Arm0 = 0
ArmD0 = 0
ObjData_0 = 0|0.000|0.000|0.000|0.000|0.000|0.000
ObjData_1 = 0|0.000|0.000|0.000|0.000|0.000|0.000
ObjData_2 = 0|0.000|0.000|0.000|0.000|0.000|0.000
ObjData_3 = 2165|269.490|305.639|998.148|0.000|0.000|-85.399
ObjData_4 = 1840|272.708|302.202|999.318|0.000|0.000|-89.699
ObjData_5 = 2069|269.788|308.623|998.227|0.000|0.000|0.000
ObjData_6 = 0|0.000|0.000|0.000|0.000|0.000|0.000
ObjData_7 = 19166|274.253|304.538|1000.483|89.599|-89.800|-0.100
ObjData_8 = 0|0.000|0.000|0.000|0.000|0.000|0.000
ObjData_9 = 19173|268.126|302.081|999.748|0.000|0.000|0.000
ObjData_10 = 2524|0.000|0.000|0.000|0.000|0.000|0.000
ObjData_11 = 2525|0.000|0.000|0.000|0.000|0.000|0.000
ObjData_12 = 1803|0.000|0.000|0.000|-0.199|0.199|-86.299
ObjData_13 = 1753|266.800|306.923|998.028|0.000|0.000|44.901
ObjData_14 = 19173|271.490|302.091|1000.748|0.000|0.000|0.000
ObjData_15 = 1727|0.000|0.000|0.000|0.000|0.000|0.000
ObjData_16 = 2316|273.130|307.864|998.998|0.000|0.000|-43.100
ObjData_17 = 2298|270.198|305.890|998.155|0.000|0.000|-87.699
ObjData_18 = 1649|270.231|304.001|999.845|0.000|0.000|89.900
ObjData_19 = 1649|270.138|304.118|999.835|0.000|0.000|-90.099
ObjData_20 = 16779|272.170|304.685|1002.318|0.000|0.000|0.000
ObjData_21 = 19386|270.177|307.825|999.916|0.000|0.000|0.000
ObjData_22 = 1502|270.126|308.613|998.146|0.000|0.000|-89.800
ObjData_23 = 1705|269.794|302.961|998.138|0.000|0.000|179.200
ObjData_24 = 1705|267.510|303.052|998.138|0.000|0.000|-179.499
ObjData_25 = 2120|0.000|0.000|0.000|0.000|0.000|89.699
ObjData_26 = 2120|0.000|0.000|0.000|0.000|0.000|89.500
ObjData_27 = 1817|268.681|302.791|998.135|0.000|0.000|89.599
ObjData_28 = 2202|0.000|0.000|0.000|0.000|0.000|-90.300
ObjData_29 = 1742|273.800|301.951|998.138|0.000|0.000|-179.799
ObjData_30 = 1742|271.178|301.938|998.138|0.000|0.000|-179.799
ObjData_31 = 1744|272.635|301.890|999.458|0.000|0.000|179.999
ObjData_32 = 1744|272.789|301.907|999.028|0.000|0.000|-179.700
ObjData_33 = 1840|271.824|302.207|999.318|0.000|0.000|-89.499
ObjData_34 = 1839|272.240|302.097|999.338|0.000|0.000|-90.099
ObjData_35 = 1744|272.735|301.923|999.835|0.000|0.000|-179.800
ObjData_36 = 2167|0.000|0.000|0.000|0.000|0.000|-179.699
ObjData_37 = 19448|270.170|306.118|1003.258|0.000|0.000|0.000
ObjData_38 = 19448|270.178|301.424|999.148|0.000|0.000|0.000
ObjData_39 = 1742|274.387|303.015|998.138|0.000|0.000|-90.099
ObjData_40 = 1808|269.900|306.701|998.138|0.000|0.000|-89.299
ObjData_41 = 2079|268.591|304.660|998.778|0.000|0.000|-122.799
ObjData_42 = 2313|272.483|308.110|998.164|0.000|0.000|-43.099
Transferida = Armando_Petrov
Arm1 = 0
ArmD1 = 0
Arm2 = 0
ArmD2 = 0
Arm3 = 0
ArmD3 = 0
Arm4 = 0
ArmD4 = 0
Arm5 = 0
ArmD5 = 0
Arm6 = 0
ArmD6 = 0
Arm7 = 0
ArmD7 = 0
Arm8 = 0
ArmD8 = 0
Arm9 = 0
ArmD9 = 0
