[data]
Nombre = Somos Serios Menores
Dueño = Enrique_Rodriguez
Contraseña = 118817165
Dinero = 0
Precio = 70000
VirtualWorld = 538
Interior = 2
Comprada = true
Cerrada = true
Entrada_x = 2487.243896
Entrada_y = -1376.270019
Entrada_z = 29.313102
Salida_x = 266.668243
Salida_y = 305.075042
Salida_z = 999.148437
Familia = 0
Contraseña_puerta = 1526
Arm0 = 0
ArmD0 = 0
ObjData_0 = 19357|0.000|0.000|0.000|0.000|0.000|0.000
ObjData_1 = 1502|0.000|0.000|0.000|0.000|0.000|-89.199
ObjData_2 = 19387|0.000|0.000|0.000|0.000|0.000|0.000
ObjData_3 = 2525|270.418|308.404|998.155|0.000|0.000|0.000
ObjData_4 = 2526|266.849|302.527|998.092|0.000|1.099|90.399
ObjData_5 = 1808|271.219|308.704|998.135|0.000|0.000|0.000
ObjData_6 = 2161|271.390|302.079|999.148|0.000|0.000|178.599
ObjData_7 = 2115|0.000|0.000|0.000|0.000|0.000|0.000
ObjData_8 = 2079|267.926|307.753|998.763|-0.599|-0.399|-40.198
ObjData_9 = 2079|0.000|0.000|0.000|0.000|0.000|179.199
ObjData_10 = 2079|0.000|0.000|0.000|0.000|0.000|-92.199
ObjData_11 = 2079|0.000|0.000|0.000|0.000|0.000|88.400
ObjData_12 = 2161|272.746|302.107|999.155|0.000|0.000|-178.400
ObjData_13 = 2524|268.918|308.464|998.135|0.000|0.000|0.000
Arm1 = 77
ArmD1 = 9
Arm2 = 0
ArmD2 = 0
Arm3 = 0
ArmD3 = 0
Arm4 = 0
ArmD4 = 0
Arm5 = 0
ArmD5 = 0
ObjData_14 = 2112|0.000|0.000|0.000|0.000|0.000|0.000
ObjData_15 = 19173|267.771|302.072|1000.118|0.000|0.000|0.000
ObjData_16 = 19430|0.000|0.000|0.000|0.000|0.000|0.000
Arm6 = 0
ArmD6 = 0
Arm7 = 0
ArmD7 = 0
Arm8 = 0
ArmD8 = 0
Arm9 = 0
ArmD9 = 0
ObjData_17 = 1717|0.000|0.000|0.000|0.398|0.500|-44.398
ObjData_18 = 2313|272.434|307.724|998.152|2.198|0.898|-40.299
ObjData_19 = 2316|273.117|307.294|998.968|0.000|0.000|0.000
ObjData_20 = 1840|273.720|306.783|998.618|0.000|0.000|94.300
ObjData_21 = 1840|272.504|307.874|998.649|-4.599|-2.800|91.900
ObjData_22 = 1702|270.377|302.631|998.139|-1.000|-0.098|178.100
ObjData_23 = 1702|0.000|0.000|0.000|0.000|0.000|0.000
ObjData_24 = 2298|274.009|306.072|998.058|0.000|0.000|179.700
ObjData_25 = 19317|274.250|304.237|1000.254|0.000|-1.599|-88.900
ObjData_26 = 2165|267.151|307.381|998.138|0.000|0.000|44.700
ObjData_27 = 16779|269.912|304.240|1002.278|0.000|0.000|0.000
ObjData_28 = 2103|271.289|302.418|998.558|0.000|0.000|-175.900
ObjData_29 = 19166|0.000|0.000|0.000|0.000|0.000|0.000
ObjData_30 = 19166|274.186|305.919|1000.434|92.999|-0.999|-87.999
ObjData_31 = 2135|266.766|306.307|998.118|0.000|0.000|87.100
ObjData_32 = 1828|269.565|305.054|998.138|0.000|0.000|0.000
Arm10 = 0
ArmD10 = 0
Arm11 = 0
ArmD11 = 0
Transferida = 
