[data]
Nombre = Se vende 186692
Dueño = Ariana_Acosta
Contraseña = 0
Dinero = 0
Precio = 70000
VirtualWorld = 539
Interior = 2
Comprada = true
Cerrada = false
Entrada_x = 2476.346923
Entrada_y = -1376.267944
Entrada_z = 29.313102
Salida_x = 266.668243
Salida_y = 305.075042
Salida_z = 999.148437
Familia = 0
Contraseña_puerta = 5432
Arm0 = 15
ArmD0 = 1
ObjData_0 = 19166|274.165|304.282|1001.335|-90.000|106.500|14.399
ObjData_1 = 1828|268.427|304.870|998.325|0.000|0.000|0.000
ObjData_2 = 2313|0.000|0.000|0.000|-5.899|0.000|-89.500
ObjData_3 = 1742|273.640|302.607|998.190|-0.699|-3.299|-143.500
ObjData_4 = 1723|270.330|302.758|998.269|-1.399|0.000|-179.299
Arm1 = 15
ArmD1 = 1
Arm2 = 0
ArmD2 = 0
Arm3 = 0
ArmD3 = 0
Arm4 = 102
ArmD4 = 0
Arm5 = 0
ArmD5 = 0
Arm6 = 0
ArmD6 = 0
Arm7 = 0
ArmD7 = 0
ObjData_5 = 2069|267.463|307.366|997.394|0.000|0.000|0.000
ObjData_6 = 19427|0.000|0.000|0.000|0.199|0.098|92.300
ObjData_7 = 2112|267.487|307.398|998.447|0.000|0.000|42.400
ObjData_8 = 19384|0.000|0.000|0.000|0.100|0.000|-89.399
ObjData_9 = 19354|0.000|0.000|0.000|0.000|0.000|91.199
ObjData_10 = 2165|273.506|305.194|998.228|0.000|0.000|-89.800
ObjData_11 = 2298|268.952|305.039|998.226|0.398|0.000|0.599
ObjData_12 = 1502|0.000|0.000|0.000|0.000|0.000|0.000
ObjData_13 = 2079|272.097|304.742|999.130|1.300|0.000|170.800
ObjData_14 = 1762|0.000|0.000|0.000|0.000|0.000|48.700
Transferida = 
