[data]
Nombre = Manos arriba parcero
Dueño = Wayne_Shakur
Contraseña = 264307574
Dinero = 0
Precio = 70000
VirtualWorld = 540
Interior = 2
Comprada = true
Cerrada = true
Entrada_x = 2473.083984
Entrada_y = -1376.255493
Entrada_z = 29.313102
Salida_x = 266.668243
Salida_y = 305.075042
Salida_z = 999.148437
Familia = 0
Contraseña_puerta = 1235
Arm0 = 0
ArmD0 = 0
ObjData_0 = 2779|268.469|308.533|998.137|0.000|0.000|0.000
ObjData_1 = 1723|269.756|305.134|998.090|2.200|0.098|-4.299
ObjData_2 = 2103|273.393|305.995|999.748|-0.497|0.000|-107.100
Arm1 = 0
ArmD1 = 0
Arm2 = 0
ArmD2 = 0
ObjData_3 = 1817|269.850|302.105|998.247|0.000|0.000|0.000
ObjData_4 = 19172|270.510|302.110|1000.966|0.699|0.000|-178.801
ObjData_5 = 19356|270.974|305.641|999.936|-2.098|0.000|83.000
ObjData_6 = 2165|267.745|302.560|998.137|0.000|0.000|-179.699
ObjData_7 = 2079|267.109|303.422|998.743|-0.499|0.100|90.799
ObjData_8 = 19356|272.607|305.446|999.985|0.599|0.199|-95.399
ObjData_9 = 1502|268.561|305.812|998.151|0.299|-0.100|178.199
ObjData_10 = 2301|270.323|307.141|998.148|1.200|0.900|-96.799
ObjData_11 = 19386|267.865|305.883|999.905|0.000|-0.000|87.800
ObjData_12 = 2316|270.415|302.507|999.072|3.098|-0.199|179.998
ObjData_13 = 2313|272.862|302.585|998.144|-2.098|0.000|-178.898
ObjData_14 = 2048|267.878|306.054|1001.148|0.000|0.000|175.800
ObjData_15 = 1502|269.448|308.242|998.135|0.000|0.000|-90.500
Arm3 = 0
ArmD3 = 0
Arm4 = 0
ArmD4 = 0
Arm5 = 0
ArmD5 = 0
Arm6 = 0
ArmD6 = 0
Arm7 = 0
ArmD7 = 0
Arm8 = 0
ArmD8 = 0
Arm9 = 0
ArmD9 = 0
Arm10 = 0
ArmD10 = 0
Arm11 = 0
ArmD11 = 0
Transferida = 
ObjData_16 = 2255|271.803|306.137|1000.131|0.298|4.999|172.801
ObjData_17 = 2247|273.482|306.897|1000.164|0.000|0.000|85.699
ObjData_18 = 2525|275.271|306.055|999.155|0.000|0.000|0.000
ObjData_19 = 19386|269.455|307.476|999.908|0.000|0.000|0.000
