[data]
Nombre = casa
Dueño = Vito_Suarez
Contraseña = 0
Dinero = 0
Precio = 70000
VirtualWorld = 541
Interior = 2
Comprada = true
Cerrada = true
Entrada_x = 2468.269042
Entrada_y = -1376.270385
Entrada_z = 29.313102
Salida_x = 266.668243
Salida_y = 305.075042
Salida_z = 999.148437
Familia = 0
Contraseña_puerta = 2143
Arm0 = 0
ArmD0 = 0
ObjData_0 = 19384|0.000|0.000|0.000|0.000|0.000|79.199
ObjData_1 = 19400|0.000|0.000|0.000|0.000|0.000|179.000
ObjData_2 = 2127|0.000|0.000|0.000|0.000|0.000|-179.899
ObjData_3 = 2128|0.000|0.000|0.000|0.000|0.000|0.000
ObjData_4 = 1649|0.000|0.000|0.000|0.000|0.000|-87.699
ObjData_5 = 19172|0.000|0.000|0.000|0.000|0.000|0.000
ObjData_6 = 1742|0.000|0.000|0.000|0.000|0.000|0.000
ObjData_7 = 1491|0.000|0.000|0.000|0.000|0.000|-6.298
ObjData_8 = 2086|0.000|0.000|0.000|0.000|0.000|0.000
ObjData_9 = 2079|0.000|0.000|0.000|0.000|0.000|0.000
Arm1 = 0
ArmD1 = 0
Arm2 = 0
ArmD2 = 0
Arm3 = 0
ArmD3 = 0
Arm4 = 0
ArmD4 = 0
Arm5 = 0
ArmD5 = 0
Arm6 = 0
ArmD6 = 0
Arm7 = 0
ArmD7 = 0
Arm8 = 0
ArmD8 = 0
Arm9 = 0
ArmD9 = 0
Arm10 = 0
ArmD10 = 0
Transferida = 
ObjData_10 = 2079|0.000|0.000|0.000|0.000|0.000|0.000
