[data]
Nombre = -
Dueño = Dino_Marques
Contraseña = 0
Dinero = 0
Precio = 400000
VirtualWorld = 550
Interior = 1
Comprada = true
Cerrada = false
Entrada_x = 2263.558593
Entrada_y = -1458.962158
Entrada_z = 24.008554
Salida_x = 223.414306
Salida_y = 1273.432006
Salida_z = 1082.140014
Familia = 0
Contraseña_puerta = 1023
Arm0 = 0
ArmD0 = 0
Arm1 = 0
ArmD1 = 0
Arm2 = 0
ArmD2 = 0
ObjData_0 = 2313|227.668|1278.899|1081.357|0.000|0.000|-87.499
ObjData_1 = 2069|0.000|0.000|0.000|0.000|0.000|0.000
ObjData_2 = 2121|0.000|0.000|0.000|0.000|0.000|0.000
ObjData_3 = 2030|0.000|0.000|0.000|0.000|0.000|0.000
ObjData_4 = 2121|0.000|0.000|0.000|0.000|0.000|0.000
ObjData_5 = 2121|0.000|0.000|0.000|0.000|0.000|0.000
ObjData_6 = 2121|0.000|0.000|0.000|0.000|0.000|0.000
ObjData_7 = 2149|0.000|0.000|0.000|0.000|0.000|0.000
ObjData_8 = 2161|219.486|1275.513|1082.270|0.000|0.000|93.199
ObjData_9 = 1502|227.881|1275.099|1081.139|0.000|0.000|92.699
ObjData_10 = 1502|219.362|1274.511|1081.119|0.000|0.000|-92.600
ObjData_11 = 1409|0.000|0.000|0.000|0.000|0.000|0.000
ObjData_12 = 2526|217.467|1276.022|1081.086|0.000|0.000|0.000
ObjData_13 = 2524|217.313|1274.587|1081.139|0.000|0.000|78.599
ObjData_14 = 2525|217.444|1274.050|1081.190|0.000|0.000|93.299
ObjData_15 = 2316|0.000|0.000|0.000|0.000|0.000|0.000
ObjData_16 = 2130|0.000|0.000|0.000|0.000|0.000|0.000
ObjData_17 = 2298|232.960|1275.750|1081.047|0.000|0.000|178.300
ObjData_18 = 1761|224.527|1277.201|1081.187|0.000|0.000|90.699
ObjData_19 = 1764|227.269|1274.894|1081.116|0.000|0.000|-90.999
ObjData_20 = 1762|225.022|1279.735|1081.247|0.000|0.000|4.099
ObjData_21 = 1742|226.057|1272.442|1081.849|0.000|0.000|178.099
ObjData_22 = 19173|231.343|1277.940|1083.891|0.000|0.000|179.500
ObjData_23 = 19172|231.425|1271.817|1082.948|0.000|0.000|-179.800
ObjData_24 = 2127|0.000|0.000|0.000|0.000|0.000|0.000
ObjData_25 = 2129|0.000|0.000|0.000|0.000|0.000|0.000
ObjData_26 = 2294|0.000|0.000|0.000|0.000|0.000|0.000
ObjData_27 = 2103|0.000|0.000|0.000|0.000|0.000|0.000
ObjData_28 = 16779|224.892|1276.766|1084.241|0.000|0.000|0.000
ObjData_29 = 1649|0.000|0.000|0.000|0.000|0.000|0.000
ObjData_30 = 19430|227.757|1278.411|1082.692|90.099|0.000|0.000
ObjData_31 = 19357|221.491|1273.646|1082.690|0.000|0.000|0.000
Transferida = 
