[data]
Nombre = Vacational House
Dueño = Jhon_Deloreans
Contraseña = 116064649
Dinero = 0
Precio = 100000
VirtualWorld = 555
Interior = 9
Comprada = true
Cerrada = false
Entrada_x = 295.164642
Entrada_y = -1765.077636
Entrada_z = 4.547049
Salida_x = 275.740203
Salida_y = 1237.718383
Salida_z = 1084.257812
Familia = 0
Contraseña_puerta = 1953
Arm0 = 104
ArmD0 = 0
Arm1 = 0
ArmD1 = 0
Arm2 = 0
ArmD2 = 0
Arm3 = 0
ArmD3 = 0
Arm4 = 0
ArmD4 = 0
Arm5 = 0
ArmD5 = 0
Arm6 = 104
ArmD6 = 0
Arm7 = 104
ArmD7 = 0
ObjData_0 = 1702|278.042|1242.637|1083.216|0.000|0.000|0.000
ObjData_1 = 1705|276.822|1240.548|1083.288|0.000|0.000|88.999
ObjData_2 = 0|273.826|1240.796|1085.129|0.000|0.000|90.000
ObjData_3 = 1702|280.251|1242.020|1083.296|0.000|0.000|-89.900
ObjData_4 = 1702|279.911|1239.515|1083.238|0.000|0.000|179.400
ObjData_5 = 16779|278.359|1241.395|1086.769|0.000|0.000|0.000
ObjData_6 = 0|0.000|0.000|0.000|0.000|0.000|0.000
ObjData_7 = 1649|276.161|1254.286|1084.019|0.000|0.000|-89.899
ObjData_8 = 1840|279.300|1244.938|1083.249|0.000|0.000|-36.900
ObjData_9 = 1840|276.111|1253.224|1084.369|0.000|0.000|0.000
ObjData_10 = 1840|276.110|1254.487|1084.379|0.000|0.000|0.000
ObjData_11 = 1817|278.149|1240.554|1083.376|0.000|0.000|0.000
ObjData_12 = 2069|0.000|0.000|0.000|0.000|0.000|0.000
ObjData_13 = 2779|274.325|1244.884|1083.259|0.000|0.000|90.999
ObjData_14 = 19317|280.156|1244.843|1083.959|-25.399|10.299|-122.900
ObjData_15 = 1738|273.995|1242.809|1083.909|0.000|0.000|-89.500
ObjData_16 = 1742|277.536|1237.024|1083.238|0.000|0.000|177.700
ObjData_17 = 1744|0.000|0.000|0.000|0.000|0.000|0.000
ObjData_18 = 2964|278.105|1247.814|1083.229|0.000|0.000|0.000
ObjData_19 = 1502|273.802|1245.620|1083.290|0.499|0.199|88.100
ObjData_20 = 1502|0.000|0.000|0.000|0.000|0.000|0.000
Arm8 = 104
ArmD8 = 0
Arm9 = 104
ArmD9 = 0
Arm10 = 104
ArmD10 = 0
Arm11 = 104
ArmD11 = 0
Transferida = Jhon_Deloreans
