[data]
Nombre = || Chalet Rolin ||
Dueño = Agustin_Rolin
Contraseña = 34668749
Dinero = 0
Precio = 500000
VirtualWorld = 558
Interior = 10
Comprada = true
Cerrada = true
Entrada_x = 280.964569
Entrada_y = -1767.071533
Entrada_z = 4.546875
Salida_x = 23.908735
Salida_y = 1320.530151
Salida_z = 1084.375000
Familia = 0
Contraseña_puerta = 0
Arm0 = 10
ArmD0 = 26
Arm1 = 10
ArmD1 = 29
Arm2 = 5
ArmD2 = 6
Arm3 = 0
ArmD3 = 0
Arm4 = 0
ArmD4 = 0
Arm5 = 0
ArmD5 = 0
Arm6 = 0
ArmD6 = 0
Arm7 = 0
ArmD7 = 0
Arm8 = 0
ArmD8 = 0
Arm9 = 0
ArmD9 = 0
Arm10 = 0
ArmD10 = 0
ObjData_0 = 2299|26.233|1326.532|1087.889|0.000|0.000|89.699
ObjData_1 = 2069|23.000|1328.631|1087.949|0.000|0.000|0.000
ObjData_2 = 2069|19.050|1326.629|1083.460|0.000|0.000|0.000
ObjData_3 = 16779|26.524|1329.038|1091.960|0.000|0.000|0.000
ObjData_4 = 2086|31.725|1328.905|1083.740|0.000|0.000|0.000
ObjData_5 = 1705|29.665|1325.838|1083.349|0.000|0.000|139.600
ObjData_6 = 1705|28.275|1331.088|1083.390|0.000|0.000|45.299
ObjData_7 = 1702|34.774|1329.592|1083.349|0.000|0.000|-88.599
ObjData_8 = 1702|30.910|1331.754|1083.379|0.000|0.000|0.000
ObjData_9 = 2161|0.000|0.000|0.000|0.000|0.000|0.000
ObjData_10 = 1742|22.886|1331.566|1087.900|0.000|0.000|43.799
ObjData_11 = 1742|24.398|1332.233|1087.899|0.000|0.000|0.000
ObjData_12 = 1738|34.110|1324.086|1084.059|0.000|0.000|0.000
ObjData_13 = 1738|30.524|1327.977|1088.560|0.000|0.000|89.599
ObjData_14 = 2135|18.760|1330.688|1083.379|0.000|0.000|89.800
ObjData_15 = 2137|18.770|1331.710|1083.389|0.000|0.000|89.899
ObjData_16 = 2136|18.776|1328.683|1083.379|0.000|0.000|90.000
ObjData_17 = 2140|18.765|1327.568|1083.309|0.000|0.000|90.499
ObjData_18 = 1717|33.798|1331.097|1083.408|0.000|0.000|-85.200
ObjData_19 = 2069|34.625|1326.822|1083.429|0.000|0.000|0.000
ObjData_20 = 2069|0.000|0.000|0.000|0.000|0.000|0.000
ObjData_21 = 2165|29.094|1331.690|1087.810|0.000|0.000|-3.899
ObjData_22 = 2115|21.944|1326.725|1083.319|0.000|0.000|0.000
ObjData_23 = 2120|29.525|1330.669|1088.449|3.999|0.000|-95.000
ObjData_24 = 2149|18.474|1328.763|1084.570|0.000|0.000|116.299
ObjData_25 = 2202|27.034|1331.812|1087.879|0.000|0.000|0.000
ObjData_26 = 2525|36.345|1322.623|1087.849|0.000|0.000|-90.600
ObjData_27 = 2527|33.432|1321.468|1087.869|0.000|0.000|179.900
ObjData_28 = 2526|35.072|1320.422|1087.829|0.000|0.000|0.000
ObjData_29 = 2524|34.342|1325.401|1087.919|0.000|0.000|0.000
ObjData_30 = 1208|35.589|1325.649|1087.929|0.000|0.000|177.900
ObjData_31 = 1409|25.833|1326.622|1083.569|0.000|0.000|0.000
ObjData_32 = 19166|22.651|1329.844|1090.428|90.600|82.399|6.800
ObjData_33 = 19173|22.771|1332.237|1085.229|0.000|0.000|0.000
ObjData_34 = 1502|28.881|1326.051|1087.869|0.000|0.000|0.000
ObjData_35 = 1502|0.000|0.000|0.000|0.000|0.000|0.000
ObjData_36 = 1502|32.701|1324.763|1087.899|0.000|0.000|-90.399
ObjData_37 = 1502|26.331|1329.199|1083.370|0.000|0.000|89.000
ObjData_38 = 1649|26.335|1332.902|1084.380|0.000|0.000|-90.800
ObjData_39 = 1649|26.272|1327.042|1084.380|0.000|0.000|-90.100
ObjData_40 = 1649|26.399|1327.034|1084.380|0.000|0.000|90.699
ObjData_41 = 1649|26.352|1332.882|1084.380|0.000|0.000|90.500
ObjData_42 = 19172|26.459|1326.204|1085.800|0.000|0.000|90.399
ObjData_43 = 16779|0.000|0.000|0.000|0.000|0.000|0.000
ObjData_44 = 16779|31.660|1327.995|1087.470|0.000|0.000|0.000
Arm11 = 0
ArmD11 = 0
Transferida = Agustin_Rolin
