[data]
Nombre = *[Residencia Garcia]*
Dueño = Robert_Garcia
Contraseña = 32768198
Dinero = 0
Precio = 300000
VirtualWorld = 559
Interior = 9
Comprada = true
Cerrada = true
Entrada_x = 794.398986
Entrada_y = -1810.764404
Entrada_z = 13.029726
Salida_x = 275.740203
Salida_y = 1237.718383
Salida_z = 1084.257812
Familia = 0
Contraseña_puerta = 1976
Arm0 = 0
ArmD0 = 0
Arm1 = 0
ArmD1 = 0
Arm2 = 0
ArmD2 = 0
Arm3 = 24
ArmD3 = 0
Arm4 = 0
ArmD4 = 0
ObjData_0 = 2120|279.921|1246.104|1083.918|0.000|0.000|0.000
Arm5 = 0
ArmD5 = 0
Arm6 = 0
ArmD6 = 0
Arm7 = 0
ArmD7 = 0
Arm8 = 0
ArmD8 = 0
Arm9 = 0
ArmD9 = 0
ObjData_1 = 2120|278.984|1244.986|1083.788|0.000|0.000|-91.198
ObjData_2 = 2120|278.284|1246.150|1083.848|0.000|0.000|179.699
ObjData_3 = 2120|278.892|1246.742|1083.899|0.000|0.000|88.400
ObjData_4 = 2112|278.851|1246.130|1083.639|0.000|0.000|0.000
ObjData_5 = 2312|278.536|1237.752|1084.119|0.000|0.000|-179.700
ObjData_6 = 2136|278.830|1249.950|1083.229|0.000|0.000|0.000
ObjData_7 = 2137|275.864|1249.946|1083.228|0.000|0.000|0.000
ObjData_8 = 2139|276.859|1249.930|1083.219|0.000|0.000|0.000
ObjData_9 = 2140|274.888|1249.978|1083.228|0.000|0.000|0.000
ObjData_10 = 2135|277.858|1249.952|1083.239|0.000|0.000|0.000
ObjData_11 = 1808|0.000|0.000|0.000|0.000|0.000|0.000
ObjData_12 = 2161|268.884|1255.124|1084.267|0.000|0.000|89.500
ObjData_13 = 2167|273.391|1250.890|1083.759|0.000|0.000|178.999
ObjData_14 = 2149|276.821|1250.163|1084.409|0.000|0.000|0.000
ObjData_15 = 2313|279.110|1237.710|1083.239|0.000|0.000|-179.500
ObjData_16 = 2526|268.829|1249.367|1083.218|0.000|0.000|0.000
ObjData_17 = 1208|269.454|1246.647|1083.259|0.000|0.000|0.000
ObjData_18 = 2525|267.522|1249.309|1083.238|0.000|0.000|0.000
ObjData_19 = 2524|267.324|1247.106|1083.249|0.000|0.000|89.200
ObjData_20 = 2069|280.071|1243.406|1083.289|0.000|0.000|0.000
ObjData_21 = 1502|273.764|1244.197|1086.478|0.000|0.000|0.499
ObjData_22 = 1502|270.597|1248.600|1083.198|0.000|0.000|-89.800
ObjData_23 = 1502|271.276|1250.908|1083.218|0.000|0.000|0.000
ObjData_24 = 1702|280.417|1242.503|1083.208|0.000|0.000|-90.599
ObjData_25 = 1705|278.078|1243.632|1083.189|0.000|0.000|0.000
ObjData_26 = 1817|277.870|1241.807|1083.246|0.000|0.000|-90.400
ObjData_27 = 19173|268.867|1252.465|1085.019|0.000|0.000|-89.900
ObjData_28 = 2069|275.696|1255.661|1082.188|0.000|0.000|0.000
ObjData_29 = 2069|275.680|1252.904|1082.158|0.000|0.000|0.000
ObjData_30 = 2298|272.042|1255.646|1083.128|0.000|0.000|-90.400
ObjData_31 = 1744|273.658|1241.509|1083.518|0.000|0.000|90.600
ObjData_32 = 1839|273.875|1241.972|1083.849|0.000|0.000|179.300
ObjData_33 = 1742|273.746|1239.553|1083.266|0.000|0.000|89.199
ObjData_34 = 16779|273.508|1254.336|1086.369|0.000|0.000|0.000
ObjData_35 = 1649|273.836|1244.160|1084.819|0.000|0.000|0.000
ObjData_36 = 1649|277.822|1246.427|1084.709|0.000|0.000|-90.500
ObjData_37 = 1649|273.772|1244.252|1084.700|0.000|0.000|-179.900
ObjData_38 = 1649|0.000|0.000|0.000|0.000|0.000|0.000
Arm10 = 0
ArmD10 = 0
Transferida = Robert_Garcia
Arm11 = 0
ArmD11 = 0
