[data]
Nombre = #ElPotroEnLoMasAlto
Dueño = Leo_Diesel
Contraseña = 0
Dinero = 0
Precio = 350000
VirtualWorld = 146
Interior = 3
Comprada = true
Cerrada = true
Entrada_x = 1421.782226
Entrada_y = -886.229980
Entrada_z = 50.686283
Salida_x = 267.569885
Salida_y = 1186.679687
Salida_z = 1080.257812
Familia = 0
Contraseña_puerta = 1579
Arm0 = 0
ArmD0 = 0
ObjData_0 = 0|0.000|0.000|0.000|0.000|0.000|0.000
ObjData_46 = 0|0.000|0.000|0.000|0.000|0.000|0.000
ObjData_1 = 0|0.000|0.000|0.000|0.000|0.000|0.000
ObjData_2 = 0|0.000|0.000|0.000|0.000|0.000|0.000
ObjData_3 = 0|0.000|0.000|0.000|0.000|0.000|0.000
ObjData_4 = 0|0.000|0.000|0.000|0.000|0.000|0.000
ObjData_5 = 0|0.000|0.000|0.000|0.000|0.000|0.000
ObjData_6 = 0|0.000|0.000|0.000|0.000|0.000|0.000
ObjData_7 = 0|0.000|0.000|0.000|0.000|0.000|0.000
ObjData_8 = 0|0.000|0.000|0.000|0.000|0.000|0.000
ObjData_9 = 0|0.000|0.000|0.000|0.000|0.000|0.000
ObjData_10 = 0|0.000|0.000|0.000|0.000|0.000|0.000
Arm1 = 0
ArmD1 = 0
Arm2 = 0
ArmD2 = 0
Arm3 = 0
ArmD3 = 0
Transferida = Leo_Diesel
Arm4 = 0
ArmD4 = 0
Arm5 = 0
ArmD5 = 0
Arm6 = 0
ArmD6 = 0
Arm7 = 0
ArmD7 = 0
Arm8 = 0
ArmD8 = 0
Arm9 = 0
ArmD9 = 0
Arm10 = 0
ArmD10 = 0
Arm11 = 0
ArmD11 = 0
