[data]
Nombre = En venta 990792
Dueño = Rodrigo_Melendez
Contraseña = 0
Dinero = 0
Precio = 45000
VirtualWorld = 560
Interior = 2
Comprada = true
Cerrada = true
Entrada_x = 1253.656616
Entrada_y = -908.072082
Entrada_z = 46.601562
Salida_x = 266.668243
Salida_y = 305.075042
Salida_z = 999.148437
Familia = 0
Contraseña_puerta = 2380
Arm0 = 0
ArmD0 = 0
ObjData_0 = 2298|268.859|305.216|998.118|0.000|0.000|0.000
ObjData_1 = 2131|0.000|0.000|0.000|0.000|0.000|-176.899
ObjData_2 = 2312|270.317|302.360|999.061|1.300|0.000|-178.500
ObjData_3 = 19173|274.213|305.717|999.895|0.000|0.000|90.299
ObjData_4 = 19172|270.203|302.115|1000.515|0.000|0.000|179.499
ObjData_5 = 2313|270.984|302.242|998.212|4.400|1.400|-178.600
ObjData_6 = 2096|0.000|0.000|0.000|0.000|1.699|48.500
ObjData_7 = 2165|273.758|306.341|998.165|0.000|0.000|-90.200
ObjData_8 = 2079|272.998|305.747|998.702|-0.299|0.399|179.100
ObjData_9 = 1724|272.078|304.018|998.128|0.000|0.000|-90.500
ObjData_10 = 1828|270.547|303.604|998.138|0.000|0.000|0.000
ObjData_11 = 19317|266.325|303.496|1000.385|1.599|17.200|88.799
ObjData_12 = 1723|269.336|305.278|998.075|0.000|0.000|0.000
ObjData_13 = 1742|267.188|301.969|998.148|0.000|0.000|177.000
ObjData_14 = 16779|270.051|304.545|1002.219|0.000|0.000|0.000
ObjData_15 = 2525|0.000|0.000|0.000|0.000|0.000|90.899
ObjData_16 = 2526|0.000|0.000|0.000|0.000|0.000|0.000
ObjData_17 = 1742|0.000|0.000|0.000|0.000|0.000|0.000
ObjData_18 = 2133|0.000|0.000|0.000|0.000|0.000|-178.199
ObjData_19 = 1817|269.754|303.169|998.057|0.000|0.000|0.000
ObjData_20 = 1724|268.484|302.954|998.137|0.000|0.000|90.099
ObjData_21 = 2069|267.034|307.346|998.228|0.000|0.000|0.000
ObjData_22 = 1808|274.055|304.448|998.115|0.000|0.000|-88.500
ObjData_23 = 2779|273.531|302.622|998.267|0.000|0.000|-179.200
ObjData_24 = 1735|267.663|307.681|998.218|0.000|0.000|42.799
ObjData_25 = 19317|272.042|302.199|1000.281|0.000|21.799|162.699
ObjData_26 = 2103|270.240|303.477|998.518|-2.799|0.000|178.800
ObjData_27 = 1738|273.069|307.943|998.475|0.000|0.000|-46.299
ObjData_28 = 19317|0.000|0.000|0.000|0.000|0.000|0.000
Transferida = 
Arm1 = 0
ArmD1 = 0
Arm2 = 0
ArmD2 = 0
Arm3 = 0
ArmD3 = 0
Arm4 = 0
ArmD4 = 0
Arm5 = 0
ArmD5 = 0
Arm6 = 0
ArmD6 = 0
Arm7 = 0
ArmD7 = 0
Arm8 = 0
ArmD8 = 0
Arm9 = 0
ArmD9 = 0
Arm10 = 0
ArmD10 = 0
Arm11 = 0
ArmD11 = 0
