[data]
Nombre = Saltamuros Land
Dueño = Jodie_Stark
Contraseña = 0
Dinero = 0
Precio = 45000
VirtualWorld = 561
Interior = 2
Comprada = true
Cerrada = true
Entrada_x = 1246.227539
Entrada_y = -909.105346
Entrada_z = 46.601562
Salida_x = 266.668243
Salida_y = 305.075042
Salida_z = 999.148437
Familia = 0
Contraseña_puerta = 4097
Transferida = 
Arm0 = 0
ArmD0 = 0
Arm1 = 0
ArmD1 = 0
Arm2 = 0
ArmD2 = 0
Arm3 = 0
ArmD3 = 0
Arm4 = 0
ArmD4 = 0
Arm5 = 0
ArmD5 = 0
Arm6 = 0
ArmD6 = 0
Arm7 = 0
ArmD7 = 0
Arm8 = 0
ArmD8 = 0
Arm9 = 0
ArmD9 = 0
Arm10 = 0
ArmD10 = 0
Arm11 = 0
ArmD11 = 0
