[data]
Nombre = [Buggy Caleta]
Dueño = Dimitriv_Kusnetzot
Contraseña = 72876478
Dinero = 757
Precio = 150000
VirtualWorld = 562
Interior = 2
Comprada = true
Cerrada = false
Entrada_x = 1242.117431
Entrada_y = -878.243774
Entrada_z = 46.640625
Salida_x = 266.668243
Salida_y = 305.075042
Salida_z = 999.148437
Familia = 0
Contraseña_puerta = 2540
Arm0 = 0
ArmD0 = 0
ObjData_0 = 2316|271.240|302.257|999.604|0.000|0.000|179.800
ObjData_1 = 2165|267.846|304.004|998.183|0.000|0.000|35.499
ObjData_2 = 2313|272.332|302.182|998.757|0.000|0.000|-178.899
ObjData_3 = 2316|272.114|302.248|999.604|0.000|0.000|177.998
ObjData_4 = 19427|269.071|305.781|999.895|0.000|0.000|-155.100
ObjData_5 = 19384|267.154|306.419|999.875|0.000|0.000|91.299
ObjData_6 = 1502|266.372|306.458|998.115|0.000|0.000|0.000
ObjData_7 = 19446|270.730|302.347|999.901|0.400|-1.199|-90.399
ObjData_8 = 1723|273.513|305.012|998.114|0.000|0.000|-89.698
ObjData_9 = 2202|0.000|0.000|0.000|0.000|0.000|88.899
ObjData_10 = 19173|267.871|302.492|1000.973|0.000|0.000|0.000
ObjData_11 = 2316|271.239|302.236|1000.215|0.000|0.000|179.699
ObjData_12 = 1724|0.000|0.000|0.000|0.000|0.000|-46.599
ObjData_13 = 2356|268.884|303.256|998.128|0.000|0.500|36.299
ObjData_14 = 16779|271.380|304.683|1001.955|0.000|0.000|0.000
ObjData_15 = 1840|270.621|302.315|999.405|0.000|0.000|-90.300
ObjData_16 = 19172|273.986|304.001|1000.328|0.000|0.000|-90.000
ObjData_17 = 2316|272.102|302.225|1000.215|0.000|0.000|179.998
ObjData_18 = 1723|268.872|308.154|998.117|0.000|0.000|0.200
ObjData_19 = 1723|271.962|307.682|998.094|0.000|0.000|-53.298
ObjData_20 = 1724|270.566|302.920|998.045|0.000|0.000|177.000
ObjData_21 = 19166|267.824|302.477|999.709|-91.800|0.000|0.000
ObjData_22 = 1649|269.336|303.113|999.155|0.000|0.000|91.799
ObjData_23 = 1649|0.000|0.000|0.000|0.000|0.000|0.000
ObjData_24 = 19400|269.385|303.493|999.885|0.000|0.000|0.000
ObjData_25 = 19354|274.113|303.973|999.905|0.000|0.000|0.000
ObjData_26 = 19354|267.359|307.710|999.905|0.000|0.000|-43.000
ObjData_27 = 19427|269.214|308.849|999.888|0.000|0.000|-83.199
ObjData_28 = 19354|273.581|306.850|999.914|-0.100|-4.200|23.599
ObjData_29 = 19384|266.196|304.927|999.878|0.000|0.000|0.000
ObjData_30 = 19427|266.254|302.547|999.908|0.000|0.000|0.000
ObjData_31 = 19354|271.600|308.603|999.895|0.000|0.000|75.799
ObjData_32 = 19446|272.499|305.024|1001.737|0.000|88.699|0.000
ObjData_33 = 19446|269.083|307.165|1001.664|0.299|88.399|-0.400
ObjData_34 = 19446|267.000|303.073|1001.777|0.000|-91.000|0.000
Arm1 = 13
ArmD1 = 0
Arm2 = 75
ArmD2 = 18
Arm3 = 0
ArmD3 = 0
Arm4 = 0
ArmD4 = 0
Arm5 = 0
ArmD5 = 0
ObjData_35 = 19448|272.409|304.321|998.074|0.000|89.899|0.000
ObjData_36 = 19448|268.915|305.795|998.089|0.000|-89.300|0.000
ObjData_37 = 2069|273.745|305.623|998.057|0.000|0.000|0.000
ObjData_38 = 1808|268.664|306.045|998.156|0.000|0.000|-56.699
ObjData_39 = 1828|270.944|305.255|998.148|0.000|0.000|-52.600
ObjData_40 = 19448|265.640|307.187|998.075|0.000|89.900|0.000
Arm6 = 0
ArmD6 = 0
Arm7 = 0
ArmD7 = 0
Arm8 = 0
ArmD8 = 0
Transferida = Dimitriv_Kusnetzot
