[data]
Nombre = Cartel de Medellin
Dueño = Alex_Martines
Contraseña = 33423562
Dinero = 0
Precio = 150000
VirtualWorld = 563
Interior = 2
Comprada = true
Cerrada = true
Entrada_x = 1249.539062
Entrada_y = -877.280639
Entrada_z = 46.640625
Salida_x = 266.668243
Salida_y = 305.075042
Salida_z = 999.148437
Familia = 0
Contraseña_puerta = 1726
Arm0 = 0
ArmD0 = 0
ObjData_0 = 19317|274.252|305.271|1001.065|1.200|41.499|-88.499
ObjData_1 = 2069|268.905|308.596|998.268|0.000|0.000|0.000
ObjData_2 = 2356|270.144|307.380|998.154|0.000|0.000|0.000
ObjData_3 = 1828|271.792|304.323|998.157|0.000|0.000|0.000
Arm1 = 0
ArmD1 = 0
Arm2 = 0
ArmD2 = 0
Arm3 = 0
ArmD3 = 0
Arm4 = 0
ArmD4 = 0
Arm5 = 0
ArmD5 = 0
ObjData_4 = 16779|270.767|305.232|1002.160|0.000|0.000|0.000
ObjData_5 = 19317|274.244|303.889|1001.024|-0.899|-38.600|-86.999
ObjData_6 = 1840|272.335|308.033|998.774|1.200|0.899|69.500
ObjData_7 = 1840|273.512|307.098|998.752|0.899|0.000|37.799
ObjData_8 = 1726|272.735|302.623|998.147|0.000|0.000|-177.700
ObjData_9 = 1727|273.707|305.110|998.225|0.000|0.000|-89.799
ObjData_10 = 1727|269.609|303.938|998.203|1.499|0.000|89.600
ObjData_11 = 19173|271.696|302.086|1000.496|0.000|0.000|0.000
Arm6 = 0
ArmD6 = 0
Arm7 = 0
ArmD7 = 0
Arm8 = 0
ArmD8 = 0
Arm9 = 0
ArmD9 = 0
Arm10 = 0
ArmD10 = 0
Arm11 = 0
ArmD11 = 0
Transferida = Tyshad_Armstrong
ObjData_12 = 2269|269.359|302.565|1000.455|0.000|0.000|178.200
ObjData_13 = 2255|273.737|304.710|1000.109|-1.999|0.000|-90.600
ObjData_14 = 2263|266.742|303.142|1000.288|0.000|0.000|88.899
ObjData_15 = 2165|269.731|308.542|998.164|0.000|0.000|0.000
ObjData_16 = 2167|267.995|308.557|998.148|0.000|0.000|42.200
ObjData_17 = 2115|272.591|308.000|997.947|0.000|0.000|-44.199
ObjData_18 = 1744|272.859|308.262|1000.346|0.000|0.000|-39.899
ObjData_19 = 1808|266.636|302.374|998.153|-0.899|0.600|129.000
ObjData_20 = 1817|271.271|303.843|998.167|0.000|0.000|0.000
ObjData_21 = 2103|272.960|307.562|998.745|0.000|0.000|-43.099
ObjData_22 = 1786|273.087|308.020|1000.678|0.000|0.099|-40.099
ObjData_23 = 2196|270.518|308.706|998.958|0.000|0.000|-41.200
ObjData_24 = 2231|271.318|308.662|998.975|0.000|0.000|-27.500
ObjData_25 = 2614|267.612|302.152|1000.748|0.000|0.000|177.300
ObjData_26 = 0|0.000|0.000|0.000|0.000|0.000|0.000
ObjData_27 = 2251|273.901|302.322|999.035|0.000|0.000|0.000
ObjData_28 = 2245|271.784|304.353|998.868|0.000|0.000|0.000
ObjData_29 = 0|0.000|0.000|0.000|0.000|0.000|0.000
ObjData_30 = 0|0.000|0.000|0.000|0.000|0.000|0.000
ObjData_31 = 0|0.000|0.000|0.000|0.000|0.000|0.000
ObjData_32 = 0|0.000|0.000|0.000|0.000|0.000|0.000
ObjData_33 = 0|0.000|0.000|0.000|0.000|0.000|0.000
ObjData_34 = 0|0.000|0.000|0.000|0.000|0.000|0.000
ObjData_35 = 0|0.000|0.000|0.000|0.000|0.000|0.000
