[data]
Nombre = 7.7 El cazerio
Due単o = Sin due単o
Contrase単a = 0
Dinero = 0
Precio = 100000
VirtualWorld = 565
Interior = 2
Comprada = false
Cerrada = false
Entrada_x = 2746.952880
Entrada_y = -1975.646240
Entrada_z = 13.553913
Salida_x = 266.668243
Salida_y = 305.075042
Salida_z = 999.148437
Familia = 0
Contrase単a_puerta = 0
Arm0 = 0
ArmD0 = 0
Arm1 = 0
ArmD1 = 0
ObjData_0 = 19448|269.898|308.261|1000.088|0.000|0.000|0.000
ObjData_1 = 1760|270.622|306.791|998.293|0.000|0.400|39.500
ObjData_2 = 1840|269.653|303.507|1000.458|0.000|0.000|0.000
ObjData_3 = 1649|0.000|0.000|0.000|-2.399|-1.499|81.500
ObjData_4 = 1502|269.619|302.134|998.268|0.000|0.000|80.000
ObjData_5 = 1764|274.052|306.415|998.015|0.000|0.000|-129.799
ObjData_6 = 19386|267.828|306.356|999.887|0.000|0.000|-92.799
ObjData_7 = 19172|274.232|304.875|1000.175|0.000|0.000|-90.899
ObjData_8 = 19173|269.557|306.118|999.799|4.900|-91.400|0.000
ObjData_9 = 2525|269.248|307.774|998.156|-0.600|0.000|-87.999
ObjData_10 = 1502|266.997|306.166|998.308|0.000|0.000|0.000
ObjData_11 = 2121|269.276|305.373|998.751|-7.600|92.400|-15.299
ObjData_12 = 2112|271.735|302.101|998.569|0.000|0.000|0.000
ObjData_13 = 2103|0.000|0.000|0.000|0.000|0.000|0.000
ObjData_14 = 19448|269.192|304.188|998.133|2.099|-89.399|0.000
ObjData_15 = 1762|270.419|304.570|998.245|0.000|0.000|91.600
ObjData_16 = 2312|271.749|302.141|1000.522|0.000|0.000|179.999
Transferida = 
