[data]
Nombre = Casa de Mauro
Due単o = Sin due単o
Contrase単a = 0
Dinero = 0
Precio = 100000
VirtualWorld = 566
Interior = 2
Comprada = false
Cerrada = false
Entrada_x = 2741.533447
Entrada_y = -1979.178344
Entrada_z = 13.552034
Salida_x = 266.668243
Salida_y = 305.075042
Salida_z = 999.148437
Familia = 0
Contrase単a_puerta = 125
Arm0 = 0
ArmD0 = 0
ObjData_0 = 1764|270.019|308.687|998.035|-1.999|-0.599|-8.099
ObjData_1 = 19448|272.283|309.148|999.759|0.000|0.000|177.299
ObjData_2 = 19172|267.627|302.080|999.796|0.000|0.000|-179.999
ObjData_3 = 19166|270.057|302.123|999.947|88.300|179.500|1.400
ObjData_4 = 1502|271.946|302.337|998.147|0.000|0.000|86.299
ObjData_5 = 1502|271.233|305.058|998.098|0.000|0.000|173.599
ObjData_6 = 1765|268.419|308.341|998.067|0.000|0.000|0.499
ObjData_7 = 1502|0.000|0.000|0.000|0.000|0.000|0.000
ObjData_8 = 19356|267.805|305.640|1002.376|91.300|-89.099|-12.300
ObjData_9 = 19386|272.024|303.074|999.898|0.000|0.000|0.000
ObjData_10 = 19386|270.465|305.206|999.828|0.000|0.000|80.899
ObjData_11 = 2115|270.050|307.422|998.067|0.000|0.000|0.000
ObjData_12 = 1717|267.241|305.887|998.097|0.000|0.000|48.400
ObjData_13 = 2132|273.764|306.134|998.124|0.000|0.000|-89.500
ObjData_14 = 19448|265.294|306.200|999.148|0.000|0.000|78.299
Transferida = 
