[data]
Nombre = Residencia Huertas.
Dueño = Sebitas_Huertas
Contraseña = 34078930
Dinero = 160000
Precio = 100000
VirtualWorld = 567
Interior = 2
Comprada = true
Cerrada = true
Entrada_x = 2741.203857
Entrada_y = -1971.311279
Entrada_z = 13.546875
Salida_x = 266.668243
Salida_y = 305.075042
Salida_z = 999.148437
Familia = 0
Contraseña_puerta = 3185
Arm0 = 68
ArmD0 = 84
ObjData_0 = 2165|271.180|303.997|998.228|0.000|0.000|0.000
ObjData_1 = 2167|272.501|302.083|999.648|0.000|0.000|-178.600
ObjData_2 = 2202|272.858|302.514|998.155|0.000|0.000|0.000
ObjData_3 = 1808|270.802|302.295|998.165|0.000|0.000|179.100
ObjData_4 = 1742|274.380|303.911|998.137|0.000|0.000|-90.099
ObjData_5 = 1817|268.959|307.723|998.178|0.000|0.000|0.000
ObjData_6 = 1724|272.387|302.637|998.147|0.000|0.000|179.699
ObjData_7 = 1723|269.848|304.676|998.138|0.000|0.000|-90.199
ObjData_8 = 2028|266.548|303.794|998.668|0.000|0.000|0.000
ObjData_9 = 19384|266.169|304.969|999.875|0.000|0.000|0.000
ObjData_10 = 19400|273.053|307.741|999.888|0.000|0.000|49.200
ObjData_11 = 19400|270.234|308.806|999.888|0.000|0.000|-89.999
ObjData_12 = 19400|267.388|307.720|999.885|0.000|0.000|-46.999
ObjData_13 = 19354|266.175|301.787|999.878|0.000|0.000|0.000
ObjData_14 = 19354|267.862|302.013|999.879|0.000|0.000|-90.100
ObjData_15 = 19354|271.059|302.008|999.879|0.000|0.000|-89.999
ObjData_16 = 19354|274.253|301.989|999.886|0.000|0.000|-90.899
ObjData_17 = 19354|274.328|303.652|999.888|0.000|0.000|0.000
ObjData_18 = 19446|271.041|301.987|1003.109|0.000|0.000|-90.000
ObjData_19 = 19446|274.339|305.217|1003.068|0.000|0.000|0.000
ObjData_20 = 19446|270.982|310.427|1003.165|0.000|0.000|-135.900
ObjData_21 = 19400|270.645|309.064|1003.096|0.000|0.000|-90.299
ObjData_22 = 19400|267.090|307.949|1003.208|0.000|0.000|-44.799
ObjData_23 = 19400|267.441|308.849|1003.055|0.000|0.000|-81.899
ObjData_24 = 19354|274.335|306.856|999.898|0.000|0.000|0.000
ObjData_25 = 19384|270.432|306.854|999.869|0.000|0.000|0.000
ObjData_26 = 19400|270.429|303.650|999.878|0.000|0.000|0.000
ObjData_27 = 1649|270.399|303.560|999.148|0.000|0.000|-89.199
ObjData_28 = 19400|270.436|309.663|999.859|0.000|0.000|0.000
ObjData_29 = 19446|266.164|302.173|1003.015|0.000|0.000|0.000
ObjData_30 = 1502|270.372|307.641|998.158|0.000|0.000|-90.400
ObjData_31 = 1724|270.645|305.555|998.158|0.000|0.000|12.499
ObjData_32 = 1724|271.991|305.808|998.197|0.000|0.000|-8.099
ObjData_33 = 2069|266.555|306.292|998.218|0.000|0.000|0.000
ObjData_34 = 2313|266.610|302.400|998.147|0.000|0.000|91.600
ObjData_35 = 2312|266.639|303.036|999.048|0.000|0.000|90.899
ObjData_36 = 16779|269.343|305.651|1002.209|0.000|0.000|0.000
ObjData_37 = 19173|268.187|302.106|1000.458|0.000|0.000|0.000
Arm1 = 67
ArmD1 = 0
Arm2 = 101
ArmD2 = 0
Arm3 = 101
ArmD3 = 0
Arm4 = 0
ArmD4 = 0
Arm5 = 0
ArmD5 = 0
Arm6 = 0
ArmD6 = 0
Arm7 = 102
ArmD7 = 0
Arm8 = 102
ArmD8 = 0
Arm9 = 102
ArmD9 = 0
Arm10 = 102
ArmD10 = 0
Arm11 = 102
ArmD11 = 0
Transferida = 
