[data]
Nombre = ||Murder Blocc Crip's||
Dueño = Alexander_Herrera
Contraseña = 0
Dinero = 0
Precio = 50000
VirtualWorld = 568
Interior = 15
Comprada = true
Cerrada = false
Entrada_x = 2696.334960
Entrada_y = -1990.680908
Entrada_z = 14.222846
Salida_x = 326.308105
Salida_y = 1456.211425
Salida_z = 1084.595947
Familia = 0
Contraseña_puerta = 1234
Arm0 = 73
ArmD0 = 99
Arm1 = 0
ArmD1 = 0
Arm2 = 76
ArmD2 = 5
Arm3 = 0
ArmD3 = 0
Arm4 = 0
ArmD4 = 0
Arm5 = 0
ArmD5 = 0
Arm6 = 0
ArmD6 = 0
Arm7 = 0
ArmD7 = 0
Arm8 = 0
ArmD8 = 0
Arm9 = 0
ArmD9 = 0
ObjData_0 = 1502|329.761|1466.649|1083.409|0.000|0.000|-88.799
ObjData_1 = 1502|327.043|1464.870|1083.419|0.000|0.000|0.000
ObjData_2 = 2079|333.237|1457.931|1084.088|0.000|0.000|0.000
ObjData_3 = 2079|331.259|1457.822|1084.028|0.000|0.000|-153.600
ObjData_4 = 2112|332.216|1457.805|1084.029|0.000|0.000|0.000
ObjData_5 = 2103|320.812|1468.446|1084.807|0.000|0.000|0.000
ObjData_6 = 1817|321.178|1463.899|1083.593|0.000|0.000|0.000
ObjData_7 = 2069|330.723|1468.426|1085.023|0.000|173.899|-11.099
ObjData_8 = 1649|329.661|1469.130|1084.439|0.000|0.000|82.499
ObjData_9 = 1649|329.711|1469.357|1084.403|-0.500|-0.599|-89.200
ObjData_10 = 19402|329.788|1468.374|1085.210|0.000|0.000|0.000
ObjData_11 = 2115|329.253|1469.411|1083.471|-2.300|2.199|-90.000
ObjData_12 = 16779|332.281|1457.581|1087.019|0.000|0.000|0.000
ObjData_13 = 1839|329.172|1469.492|1084.087|0.000|46.900|4.200
ObjData_14 = 1839|329.196|1468.875|1084.063|0.000|51.299|0.499
ObjData_15 = 1409|325.255|1459.783|1083.549|0.000|0.000|0.000
ObjData_16 = 1409|329.642|1460.057|1083.530|0.000|0.000|0.000
ObjData_17 = 1723|323.183|1467.728|1083.431|0.000|0.000|0.000
ObjData_18 = 2313|329.348|1469.636|1083.919|0.000|0.000|-85.399
ObjData_19 = 19386|329.820|1465.859|1085.120|0.000|0.000|0.000
ObjData_20 = 1840|329.641|1467.084|1085.310|0.000|0.000|0.000
ObjData_21 = 1839|329.316|1469.211|1083.377|0.000|0.000|0.000
ObjData_22 = 1839|329.334|1468.224|1084.197|0.000|48.099|2.999
ObjData_23 = 1803|321.261|1455.915|1083.333|0.000|0.000|91.399
ObjData_24 = 1724|321.669|1467.824|1083.410|0.000|0.000|0.000
ObjData_25 = 1727|318.964|1460.870|1083.454|0.000|0.000|122.200
ObjData_26 = 1726|318.342|1466.156|1083.490|0.000|0.000|60.799
ObjData_27 = 2167|318.187|1459.475|1083.469|0.000|0.000|0.000
ObjData_28 = 2527|331.787|1463.327|1083.438|0.000|0.000|-89.699
ObjData_29 = 2524|329.089|1463.288|1083.420|0.000|0.000|0.000
ObjData_30 = 2525|330.746|1463.259|1083.450|0.000|0.000|0.000
ObjData_31 = 1502|329.251|1462.480|1083.429|0.000|0.000|-90.899
ObjData_32 = 1502|331.506|1459.689|1083.424|0.000|0.000|0.000
ObjData_33 = 2141|334.713|1455.119|1083.398|0.000|0.000|176.799
ObjData_34 = 2132|333.703|1455.202|1083.438|0.000|0.000|176.399
ObjData_35 = 2134|331.734|1455.277|1083.388|0.000|0.000|176.699
ObjData_36 = 2131|330.588|1455.413|1083.288|0.000|0.000|178.199
ObjData_37 = 1808|329.482|1456.255|1083.524|0.000|0.000|83.499
Transferida = 
