[data]
Nombre = ||Parcela-Jaramillo||
Dueño = Ivan_Jaramillo
Contraseña = 49807616
Dinero = 0
Precio = 50000
VirtualWorld = 569
Interior = 15
Comprada = true
Cerrada = true
Entrada_x = 2695.316406
Entrada_y = -2020.548828
Entrada_z = 14.022274
Salida_x = 326.308105
Salida_y = 1456.211425
Salida_z = 1084.595947
Familia = 0
Contraseña_puerta = 2509
Arm0 = 0
ArmD0 = 0
Arm1 = 111
ArmD1 = 0
Arm2 = 35
ArmD2 = 0
Arm3 = 104
ArmD3 = 0
Arm4 = 104
ArmD4 = 0
Arm5 = 73
ArmD5 = 87
Arm6 = 0
ArmD6 = 0
Arm7 = 0
ArmD7 = 0
Arm8 = 0
ArmD8 = 0
Arm9 = 0
ArmD9 = 0
Arm10 = 0
ArmD10 = 0
Arm11 = 0
ArmD11 = 0
ObjData_0 = 1502|327.081|1464.791|1083.459|0.000|0.000|0.800
ObjData_1 = 1502|324.778|1456.756|1083.469|0.000|0.000|89.600
ObjData_2 = 1502|323.463|1460.198|1083.437|0.000|0.000|178.800
ObjData_3 = 1502|331.461|1459.725|1083.427|0.000|0.000|0.099
ObjData_4 = 2313|318.135|1463.344|1083.429|0.000|0.000|88.400
ObjData_5 = 2299|329.103|1467.915|1083.296|0.000|0.000|-89.100
ObjData_6 = 2130|320.247|1459.051|1083.499|0.000|0.000|-0.099
ObjData_7 = 2127|318.200|1459.084|1083.437|0.000|0.000|0.000
ObjData_8 = 1760|325.277|1466.784|1083.359|0.000|0.000|-92.000
ObjData_9 = 2525|331.861|1463.145|1083.458|0.000|0.000|0.000
ObjData_10 = 2527|330.003|1462.109|1083.438|0.000|0.000|0.000
ObjData_11 = 2524|329.790|1459.981|1083.478|0.000|0.000|88.900
ObjData_12 = 2779|334.625|1459.021|1083.517|0.000|0.000|-44.199
ObjData_13 = 19446|332.690|1469.761|1085.210|0.000|0.000|1.699
ObjData_14 = 19354|326.199|1469.247|1085.229|0.000|0.000|1.699
ObjData_15 = 19384|327.903|1464.889|1085.227|0.000|0.000|89.200
ObjData_16 = 19354|331.121|1464.859|1085.219|0.000|0.000|-89.500
ObjData_17 = 19446|329.911|1469.875|1085.209|0.000|0.000|89.999
ObjData_18 = 19354|326.281|1466.550|1085.228|0.000|0.000|1.699
ObjData_19 = 2096|334.422|1455.599|1083.416|0.000|0.000|-135.501
ObjData_20 = 19386|0.000|0.000|0.000|-0.000|-89.900|-88.600
ObjData_21 = 19172|335.253|1457.135|1085.229|0.000|0.000|-89.700
ObjData_22 = 19356|0.000|0.000|0.000|-1.600|92.999|0.099
ObjData_23 = 19356|0.000|0.000|0.000|0.000|0.000|0.000
ObjData_24 = 19448|0.000|0.000|0.000|0.000|0.000|-89.598
ObjData_25 = 19429|0.000|0.000|0.000|0.000|0.000|86.098
ObjData_26 = 19356|0.000|0.000|0.000|0.000|0.000|-0.098
ObjData_27 = 19429|0.000|0.000|0.000|0.000|0.000|0.000
ObjData_28 = 19356|0.000|0.000|0.000|-0.298|-89.899|-0.199
ObjData_29 = 19356|0.000|0.000|0.000|-0.299|-89.899|0.000
ObjData_30 = 19449|0.000|0.000|0.000|0.000|-90.899|0.000
ObjData_31 = 19449|0.000|0.000|0.000|0.000|0.000|0.000
ObjData_32 = 19449|0.000|0.000|0.000|1.399|-89.899|0.000
ObjData_33 = 19357|0.000|0.000|0.000|0.000|0.000|0.000
ObjData_34 = 19357|0.000|0.000|0.000|0.000|0.000|0.000
ObjData_35 = 19357|0.000|0.000|0.000|0.000|0.000|0.000
ObjData_36 = 19387|0.000|0.000|0.000|0.000|0.000|89.800
ObjData_37 = 19430|0.000|0.000|0.000|1.899|-0.097|90.697
ObjData_38 = 19430|0.000|0.000|0.000|0.000|0.000|-90.899
ObjData_39 = 19387|0.000|0.000|0.000|0.000|0.000|92.500
ObjData_40 = 19387|0.000|0.000|0.000|0.000|0.000|0.000
ObjData_41 = 19430|0.000|0.000|0.000|0.000|0.000|0.000
ObjData_42 = 19430|0.000|0.000|0.000|0.000|0.000|0.000
Transferida = Ivan_Jaramillo
