[data]
Nombre = Oficina Acero Y Cadena
Dueño = Felipe_Acero
Contraseña = 98042226
Dinero = 0
Precio = 76000
VirtualWorld = 571
Interior = 9
Comprada = true
Cerrada = true
Entrada_x = 2508.330566
Entrada_y = -1998.436157
Entrada_z = 13.902541
Salida_x = 275.740203
Salida_y = 1237.718383
Salida_z = 1084.257812
Familia = 0
Contraseña_puerta = 1823
Arm0 = 0
ArmD0 = 0
Arm1 = 0
ArmD1 = 0
Arm2 = 101
ArmD2 = 0
Arm3 = 0
ArmD3 = 0
ObjData_0 = 1723|274.375|1238.559|1083.277|0.500|0.898|89.802
ObjData_1 = 2167|268.989|1256.585|1083.338|0.000|0.000|87.599
Arm4 = 0
ArmD4 = 0
Arm5 = 0
ArmD5 = 0
Arm6 = 0
ArmD6 = 0
ObjData_2 = 2115|0.000|0.000|0.000|0.000|0.000|-90.600
ObjData_3 = 2299|0.000|0.000|0.000|2.400|0.200|-89.099
ObjData_4 = 2313|269.343|1252.430|1083.218|0.000|0.000|89.999
ObjData_5 = 2161|280.870|1237.996|1083.245|0.000|0.000|-90.201
ObjData_6 = 2316|278.102|1237.263|1085.870|19.099|0.000|139.699
ObjData_7 = 1502|270.869|1247.054|1083.258|0.000|0.000|88.700
ObjData_8 = 1502|271.261|1251.114|1083.279|0.000|0.000|0.000
ObjData_9 = 1828|274.703|1254.190|1083.279|0.898|0.000|84.099
ObjData_10 = 1726|275.718|1251.673|1083.224|-0.300|2.000|-179.000
ObjData_11 = 2527|268.349|1247.259|1083.258|0.000|0.000|90.500
ObjData_12 = 2525|269.425|1249.288|1083.258|0.000|0.000|0.000
ObjData_13 = 2526|267.313|1249.252|1083.248|0.000|0.000|0.000
ObjData_14 = 2524|269.727|1249.366|1083.267|0.000|0.000|0.000
ObjData_15 = 2069|0.000|0.000|0.000|0.000|0.000|0.000
ObjData_16 = 2069|0.000|0.000|0.000|0.000|0.000|0.000
ObjData_17 = 2103|269.169|1253.784|1083.718|0.000|0.000|83.299
Arm7 = 0
ArmD7 = 0
Transferida = Felipe_Acero
ObjData_18 = 2079|271.128|1254.260|1083.869|0.000|0.000|-91.501
ObjData_19 = 2079|272.197|1254.299|1083.879|0.000|0.000|-92.000
ObjData_20 = 2079|0.000|0.000|0.000|0.000|0.000|-87.198
ObjData_21 = 2079|0.000|0.000|0.000|0.000|0.000|-178.998
ObjData_22 = 2112|0.000|0.000|0.000|0.000|0.000|0.000
ObjData_23 = 2165|272.161|1255.713|1083.279|0.000|0.000|179.098
ObjData_24 = 2356|271.540|1256.859|1083.245|0.000|0.000|-177.600
ObjData_25 = 2167|268.990|1256.582|1084.859|0.000|0.000|87.300
ObjData_26 = 2202|279.510|1242.969|1083.198|0.000|0.000|0.000
ObjData_27 = 2086|274.575|1253.667|1083.576|0.000|0.000|0.000
Arm8 = 0
ArmD8 = 0
Arm9 = 0
ArmD9 = 0
Arm10 = 0
ArmD10 = 0
ObjData_28 = 19384|275.398|1243.489|1084.990|0.000|0.000|89.899
ObjData_29 = 19354|278.612|1243.501|1084.980|0.000|0.000|90.599
ObjData_30 = 1502|274.604|1243.431|1083.209|0.000|0.000|0.000
ObjData_31 = 2165|278.284|1238.088|1083.248|0.000|0.000|89.700
ObjData_32 = 2356|279.489|1238.725|1083.269|0.000|0.000|89.900
ObjData_33 = 2356|0.000|0.000|0.000|0.000|0.000|0.000
ObjData_34 = 2356|0.000|0.000|0.000|0.000|0.000|0.000
ObjData_35 = 1502|277.693|1241.083|1083.138|0.000|0.000|89.300
ObjData_36 = 1502|277.633|1244.953|1083.218|0.000|0.000|89.600
ObjData_37 = 1502|273.814|1245.629|1083.298|0.000|0.000|88.500
ObjData_38 = 1649|277.743|1237.832|1084.259|0.000|0.000|-90.400
ObjData_39 = 1649|0.000|0.000|0.000|0.000|0.000|-0.000
ObjData_40 = 1649|276.073|1247.204|1084.255|-0.699|-90.399|-1.199
ObjData_41 = 1649|0.000|0.000|0.000|0.000|0.000|0.000
ObjData_42 = 1649|0.000|0.000|0.000|0.000|0.000|0.000
ObjData_43 = 19400|277.705|1238.672|1084.740|0.000|0.000|0.000
ObjData_44 = 19384|277.692|1241.830|1084.920|0.000|0.000|0.000
ObjData_45 = 19384|277.627|1245.716|1084.980|0.000|0.000|178.700
ObjData_46 = 19446|273.769|1240.826|1084.760|0.000|0.000|0.000
ObjData_47 = 19400|275.974|1247.231|1084.939|0.000|0.000|90.099
ObjData_48 = 19446|281.010|1241.888|1084.950|0.000|0.000|179.999
ObjData_49 = 19446|269.794|1237.004|1085.039|0.000|0.000|89.899
ObjData_50 = 19446|281.324|1237.041|1085.040|0.000|0.000|90.699
ObjData_51 = 19384|275.768|1236.992|1085.030|0.000|0.000|90.099
ObjData_52 = 2964|0.000|0.000|0.000|0.000|0.000|0.000
