[data]
Nombre = (((MAFIA)))
Dueño = Javier_Machado
Contraseña = 116457871
Dinero = 0
Precio = 76000
VirtualWorld = 572
Interior = 9
Comprada = true
Cerrada = true
Entrada_x = 2486.446289
Entrada_y = -2021.544433
Entrada_z = 13.998847
Salida_x = 275.740203
Salida_y = 1237.718383
Salida_z = 1084.257812
Familia = 0
Contraseña_puerta = 4689
Arm0 = 73
ArmD0 = 0
Arm1 = 0
ArmD1 = 0
Arm2 = 0
ArmD2 = 0
Arm3 = 0
ArmD3 = 0
Arm4 = 0
ArmD4 = 0
Arm5 = 0
ArmD5 = 0
Arm6 = 0
ArmD6 = 0
Arm7 = 0
ArmD7 = 0
Arm8 = 0
ArmD8 = 0
Arm9 = 0
ArmD9 = 0
Arm10 = 0
ArmD10 = 0
Arm11 = 0
ArmD11 = 0
Transferida = Javier_Machado
ObjData_0 = 1502|271.256|1250.696|1083.408|0.000|0.000|0.000
ObjData_1 = 1502|270.823|1247.065|1083.354|0.000|-0.599|88.599
ObjData_2 = 2025|275.388|1252.601|1083.377|0.000|0.000|-117.699
ObjData_3 = 16779|277.153|1241.208|1086.541|0.000|0.000|0.000
ObjData_4 = 1502|0.000|0.000|0.000|0.000|0.000|0.000
ObjData_5 = 2525|267.812|1249.283|1083.478|0.000|0.000|0.000
ObjData_6 = 2524|268.573|1249.305|1083.268|0.000|0.000|0.000
ObjData_7 = 2025|270.266|1251.401|1083.259|-1.599|-0.500|147.299
ObjData_8 = 1828|277.357|1240.952|1083.328|0.000|0.000|95.100
ObjData_9 = 19448|0.000|0.000|0.000|0.000|0.000|0.000
ObjData_10 = 1809|279.838|1249.281|1084.129|-0.299|-0.099|-61.800
ObjData_11 = 19173|273.848|1241.873|1085.216|-1.099|-0.399|91.599
ObjData_12 = 2013|277.523|1249.993|1083.153|1.700|-1.000|-2.299
ObjData_13 = 1761|280.190|1241.529|1083.319|-2.599|1.099|-85.000
ObjData_14 = 2017|279.937|1247.081|1083.149|-1.800|0.000|-88.999
ObjData_15 = 2014|279.952|1248.032|1083.155|0.000|-1.000|-90.400
ObjData_16 = 2112|280.192|1249.396|1083.709|0.000|0.000|0.000
ObjData_17 = 2069|279.664|1243.066|1083.428|0.000|0.000|0.000
ObjData_18 = 2161|274.298|1242.216|1083.338|0.000|0.000|-89.299
ObjData_19 = 19317|269.040|1253.885|1084.778|0.000|-48.799|94.600
ObjData_20 = 2048|280.182|1237.590|1085.469|0.000|0.000|-142.100
ObjData_21 = 2527|0.000|0.000|0.000|0.000|0.000|101.400
ObjData_22 = 16779|277.812|1247.293|1086.591|0.000|0.000|0.000
ObjData_23 = 16779|274.318|1254.949|1086.429|0.000|0.000|0.000
ObjData_24 = 16779|275.740|1243.780|1086.300|0.000|0.000|0.000
ObjData_25 = 1724|278.801|1238.287|1083.499|0.000|0.000|178.600
ObjData_26 = 1762|278.187|1242.981|1083.158|0.000|0.000|7.099
ObjData_27 = 19166|270.311|1257.244|1084.916|1.300|90.200|-91.699
ObjData_28 = 2028|0.000|0.000|0.000|0.000|0.000|0.000
ObjData_29 = 2614|273.949|1240.016|1085.200|0.000|0.000|86.899
ObjData_30 = 1803|269.847|1253.568|1083.379|0.000|0.000|0.000
ObjData_31 = 2013|279.993|1246.091|1083.139|0.000|0.000|-90.300
ObjData_32 = 1805|275.729|1249.272|1083.568|0.000|0.000|0.000
ObjData_33 = 2299|273.985|1253.470|1083.258|0.000|0.000|0.000
ObjData_34 = 1828|276.596|1246.958|1083.248|0.000|0.000|0.000
ObjData_35 = 2273|279.033|1243.615|1084.797|0.000|0.000|0.000
