[data]
Nombre = The Police House
Dueño = Franco_Robilar
Contraseña = 107676197
Dinero = 100
Precio = 76000
VirtualWorld = 573
Interior = 9
Comprada = true
Cerrada = true
Entrada_x = 2483.508544
Entrada_y = -1995.642211
Entrada_z = 13.834321
Salida_x = 275.740203
Salida_y = 1237.718383
Salida_z = 1084.257812
Familia = 0
Contraseña_puerta = 2195
Arm0 = 0
ArmD0 = 0
Arm1 = 0
ArmD1 = 0
Arm2 = 0
ArmD2 = 0
Arm3 = 0
ArmD3 = 0
Arm4 = 0
ArmD4 = 0
Arm5 = 0
ArmD5 = 0
Arm6 = 0
ArmD6 = 0
Arm7 = 0
ArmD7 = 0
Arm8 = 0
ArmD8 = 0
Arm9 = 0
ArmD9 = 0
Arm10 = 0
ArmD10 = 0
Arm11 = 0
ArmD11 = 0
ObjData_0 = 1502|273.733|1245.642|1083.318|0.000|0.000|87.699
ObjData_1 = 1502|271.256|1251.031|1083.268|0.000|0.000|0.000
ObjData_2 = 1502|270.788|1247.034|1083.257|0.000|0.000|88.400
ObjData_3 = 1502|0.000|0.000|0.000|0.000|0.000|0.000
ObjData_4 = 1724|278.087|1243.452|1083.304|-0.900|-1.000|-2.699
ObjData_5 = 1727|280.863|1237.591|1083.221|0.000|1.100|-176.099
ObjData_6 = 1726|274.320|1238.390|1083.176|0.000|0.000|89.999
ObjData_7 = 2115|278.585|1240.769|1082.836|0.000|0.000|89.698
ObjData_8 = 2079|277.611|1247.787|1083.899|0.000|0.000|88.999
ObjData_9 = 2079|277.333|1245.597|1083.919|0.000|0.000|-88.599
ObjData_10 = 2079|278.691|1246.948|1083.809|0.000|0.000|0.000
ObjData_11 = 2149|275.937|1249.989|1084.449|0.000|0.000|0.000
ObjData_12 = 1208|279.944|1244.836|1083.278|0.000|0.000|0.000
ObjData_13 = 2316|278.422|1237.641|1084.319|0.000|0.000|-176.600
ObjData_14 = 2524|269.411|1249.286|1083.269|0.000|0.000|0.000
ObjData_15 = 2525|267.352|1247.376|1083.266|0.000|0.000|89.699
ObjData_16 = 2527|267.377|1248.627|1083.219|0.000|0.000|0.000
ObjData_17 = 2160|281.251|1249.095|1083.549|0.000|0.000|0.000
ObjData_18 = 2160|0.000|0.000|0.000|0.000|0.000|0.000
ObjData_19 = 2161|280.434|1243.032|1083.245|0.000|0.000|89.798
ObjData_20 = 1738|269.030|1256.482|1083.669|0.000|0.000|88.099
ObjData_21 = 2299|272.057|1253.685|1083.248|0.000|0.000|0.000
ObjData_22 = 1409|280.001|1249.983|1083.328|0.000|0.000|0.000
ObjData_23 = 2112|277.540|1246.928|1083.629|0.000|0.000|0.000
ObjData_24 = 2313|279.228|1237.593|1083.380|-1.100|2.099|-178.699
ObjData_25 = 2141|277.410|1250.397|1085.530|0.000|-89.800|0.000
ObjData_26 = 2132|0.000|0.000|0.000|0.000|0.000|0.000
ObjData_27 = 19172|280.790|1239.141|1085.416|0.000|0.000|-94.599
ObjData_28 = 1742|275.808|1256.706|1083.279|0.000|0.000|-85.100
ObjData_29 = 1761|273.184|1243.747|1083.212|0.299|0.000|179.999
ObjData_30 = 1726|280.306|1242.218|1083.188|0.000|0.000|-89.500
ObjData_31 = 1723|274.326|1241.304|1083.198|0.000|0.000|90.500
ObjData_32 = 1727|275.545|1255.423|1083.239|0.000|0.000|-89.099
ObjData_33 = 2137|274.874|1249.862|1083.287|0.000|0.000|0.000
ObjData_34 = 2136|275.813|1249.882|1083.288|0.000|0.000|0.000
ObjData_35 = 2140|277.816|1250.005|1083.238|0.000|0.000|0.000
ObjData_36 = 1717|270.320|1251.560|1083.289|0.000|0.000|92.299
ObjData_37 = 19172|274.276|1251.207|1084.942|-1.299|-0.199|-178.200
Transferida = Franco_Robilar
