[data]
Nombre = Napoles
Dueño = Jacob_Torrez
Contraseña = 0
Dinero = 0
Precio = 76000
VirtualWorld = 574
Interior = 9
Comprada = true
Cerrada = true
Entrada_x = 2465.354003
Entrada_y = -2020.702514
Entrada_z = 14.124155
Salida_x = 275.740203
Salida_y = 1237.718383
Salida_z = 1084.257812
Familia = 0
Contraseña_puerta = 2013
Arm0 = 76
ArmD0 = 30
ObjData_0 = 2112|279.232|1245.281|1083.629|0.000|0.000|0.000
ObjData_1 = 1502|0.000|0.000|0.000|0.000|0.000|0.000
ObjData_2 = 2298|271.940|1255.722|1083.244|0.000|1.000|-87.000
ObjData_3 = 2322|0.000|0.000|0.000|0.000|0.000|0.000
ObjData_4 = 1762|0.000|0.000|0.000|0.000|0.000|0.000
Transferida = 
ObjData_5 = 2167|268.883|1256.728|1083.243|0.199|0.000|87.200
ObjData_6 = 2313|269.435|1253.451|1083.293|2.699|0.499|89.599
ObjData_7 = 2322|0.000|0.000|0.000|0.000|0.000|0.000
ObjData_8 = 1764|0.000|0.000|0.000|0.000|0.000|0.000
ObjData_9 = 2299|0.000|0.000|0.000|0.000|0.000|0.000
Arm1 = 101
ArmD1 = 0
Arm2 = 85
ArmD2 = 1
Arm3 = 76
ArmD3 = 30
Arm4 = 76
ArmD4 = 20
Arm5 = 102
ArmD5 = 0
Arm6 = 76
ArmD6 = 20
Arm7 = 101
ArmD7 = 0
Arm8 = 101
ArmD8 = 0
