[data]
Nombre = El bunker de LP22
Dueño = Cristian_Morales
Contraseña = 33161421
Dinero = 0
Precio = 76000
VirtualWorld = 576
Interior = 9
Comprada = true
Cerrada = true
Entrada_x = 2437.846191
Entrada_y = -2020.655517
Entrada_z = 13.902541
Salida_x = 275.740203
Salida_y = 1237.718383
Salida_z = 1084.257812
Familia = 0
Contraseña_puerta = 345
Arm0 = 0
ArmD0 = 0
Arm1 = 0
ArmD1 = 0
Arm2 = 0
ArmD2 = 0
Arm3 = 0
ArmD3 = 0
Arm4 = 0
ArmD4 = 0
Arm5 = 0
ArmD5 = 0
Arm6 = 0
ArmD6 = 0
Arm7 = 0
ArmD7 = 0
Arm8 = 0
ArmD8 = 0
Arm9 = 0
ArmD9 = 0
Arm10 = 0
ArmD10 = 0
Arm11 = 0
ArmD11 = 0
ObjData_0 = 2524|268.855|1247.149|1083.199|-0.398|-0.398|176.899
ObjData_1 = 2525|269.779|1249.265|1083.239|0.000|0.000|0.000
ObjData_2 = 2527|268.357|1249.174|1083.218|0.000|0.000|90.400
ObjData_3 = 2298|0.000|0.000|0.000|0.000|0.000|-89.900
ObjData_4 = 1502|271.243|1250.975|1083.288|0.000|0.000|0.000
ObjData_5 = 2165|269.468|1252.876|1083.258|0.000|0.000|91.599
ObjData_6 = 2356|270.574|1253.500|1083.326|-0.899|-0.799|86.800
ObjData_7 = 2086|280.084|1237.868|1083.618|0.000|0.000|0.000
ObjData_8 = 2069|0.000|0.000|0.000|0.000|0.000|0.000
ObjData_9 = 2069|0.000|0.000|0.000|0.000|0.000|0.000
ObjData_10 = 2069|279.650|1241.425|1083.288|0.000|0.000|0.000
ObjData_11 = 2161|280.796|1243.057|1083.287|1.300|-0.699|-90.199
ObjData_12 = 2103|280.324|1237.851|1084.084|1.699|0.000|-136.500
ObjData_13 = 2167|277.462|1244.145|1085.060|0.000|0.000|0.000
ObjData_14 = 1502|270.585|1248.592|1083.298|-2.000|0.499|-87.300
ObjData_15 = 19317|280.643|1244.018|1084.040|-7.599|2.000|-25.499
ObjData_16 = 1828|0.000|0.000|0.000|0.000|0.000|-92.500
ObjData_17 = 19166|268.940|1253.386|1085.490|-90.299|-89.300|-178.800
ObjData_18 = 19173|0.000|0.000|0.000|0.000|0.000|0.000
ObjData_19 = 19172|0.000|0.000|0.000|0.000|0.000|179.199
ObjData_20 = 1817|277.590|1239.319|1083.258|0.000|0.000|0.000
ObjData_21 = 2322|0.000|0.000|0.000|0.000|0.000|-153.598
ObjData_22 = 2316|269.297|1256.335|1084.189|0.000|0.000|60.399
ObjData_23 = 2313|269.436|1255.627|1083.299|0.000|0.000|90.699
ObjData_24 = 16779|277.789|1241.017|1086.610|0.000|0.000|0.000
ObjData_25 = 1727|279.788|1241.211|1083.197|0.998|0.000|-41.399
ObjData_26 = 1726|276.967|1241.593|1083.167|0.000|0.000|0.000
ObjData_27 = 1409|280.241|1244.717|1083.378|0.000|0.000|92.199
ObjData_28 = 19384|275.399|1244.350|1084.969|0.599|0.799|94.500
ObjData_29 = 1502|274.615|1244.274|1083.277|0.000|0.000|0.000
ObjData_30 = 2149|274.737|1250.052|1084.469|0.000|0.000|0.000
ObjData_31 = 2141|0.000|0.000|0.000|0.000|0.000|-90.900
ObjData_32 = 2132|276.803|1249.877|1083.258|0.000|0.000|0.000
ObjData_33 = 2134|274.856|1249.880|1083.258|0.000|0.000|0.000
ObjData_34 = 2133|275.820|1249.876|1083.258|0.000|0.000|0.000
ObjData_35 = 2131|278.831|1249.949|1083.127|0.000|0.000|0.000
ObjData_36 = 19427|277.314|1244.357|1084.949|0.000|0.000|-92.899
ObjData_37 = 19427|0.000|0.000|0.000|0.000|0.000|-93.899
ObjData_38 = 2630|0.000|0.000|0.000|0.000|0.000|-129.598
ObjData_39 = 1705|272.741|1243.875|1083.278|0.000|0.000|-179.799
ObjData_40 = 2313|277.584|1237.597|1083.438|0.000|0.000|0.000
ObjData_41 = 1840|279.057|1237.257|1085.177|0.000|0.000|-91.100
ObjData_42 = 19172|0.000|0.000|0.000|-3.200|1.100|-81.599
ObjData_43 = 19387|0.000|0.000|0.000|0.000|0.000|0.000
ObjData_44 = 19430|0.000|0.000|0.000|-0.199|0.000|-83.599
ObjData_45 = 2312|278.134|1237.646|1084.327|-1.199|-0.599|-179.299
ObjData_46 = 2298|271.942|1255.755|1083.283|0.799|-1.499|-93.000
ObjData_47 = 2300|0.000|0.000|0.000|-0.299|2.800|-83.599
ObjData_48 = 2300|0.000|0.000|0.000|0.000|0.000|0.000
Transferida = 
