[data]
Nombre = Mansionsita
Dueño = Anderson_Guaina
Contraseña = 0
Dinero = 0
Precio = 500000
VirtualWorld = 577
Interior = 6
Comprada = true
Cerrada = true
Entrada_x = 2770.549560
Entrada_y = -1628.607177
Entrada_z = 12.177453
Salida_x = 268.538787
Salida_y = 1063.776977
Salida_z = 1084.212280
Familia = 0
Contraseña_puerta = 0
Arm0 = 36
ArmD0 = 5
Arm1 = 9
ArmD1 = 6
Arm2 = 5
ArmD2 = 1
Arm3 = 0
ArmD3 = 0
Arm4 = 0
ArmD4 = 0
Arm5 = 0
ArmD5 = 0
ObjData_0 = 2165|282.744|1072.654|1083.182|0.000|0.000|-91.999
ObjData_1 = 2356|281.545|1072.376|1083.173|0.000|0.000|-94.899
ObjData_2 = 2779|276.777|1075.260|1083.170|0.000|0.000|0.000
ObjData_3 = 2316|268.773|1082.700|1087.975|0.000|0.000|44.899
ObjData_4 = 1726|271.209|1081.703|1083.231|0.799|-0.199|-89.399
ObjData_5 = 2964|267.233|1076.068|1083.229|0.000|0.000|-90.300
ObjData_6 = 1727|0.000|0.000|0.000|0.000|0.000|-121.899
ObjData_7 = 1724|268.597|1082.250|1083.237|0.000|0.000|0.000
ObjData_8 = 2298|271.039|1081.939|1086.825|0.000|0.000|-94.200
ObjData_9 = 1723|267.397|1079.522|1083.248|2.199|1.000|94.899
ObjData_10 = 1808|271.823|1075.764|1083.270|0.000|0.000|-89.500
ObjData_11 = 2526|264.471|1084.821|1086.794|0.000|0.000|-88.999
ObjData_12 = 2527|259.545|1085.603|1086.832|0.000|0.000|0.000
ObjData_13 = 2524|262.016|1086.585|1086.813|0.000|0.000|0.000
ObjData_14 = 2525|259.507|1084.372|1086.833|0.000|0.000|90.599
ObjData_15 = 2149|0.000|0.000|0.000|0.000|0.000|0.000
ObjData_16 = 1409|0.000|0.000|0.000|0.000|0.000|0.000
ObjData_17 = 2086|268.805|1082.781|1087.176|0.000|0.000|38.400
ObjData_18 = 2112|269.391|1080.346|1083.606|0.000|0.000|0.000
ObjData_19 = 1502|260.239|1083.060|1086.717|0.000|0.000|0.000
ObjData_20 = 1502|267.916|1081.449|1086.615|1.000|0.000|-90.399
ObjData_21 = 1502|0.000|0.000|0.000|0.000|0.000|0.000
ObjData_22 = 19166|271.960|1077.453|1084.731|91.200|-2.299|-86.500
ObjData_23 = 2115|279.818|1075.236|1083.173|0.000|0.000|0.000
Arm6 = 0
ArmD6 = 0
Arm7 = 0
ArmD7 = 0
Arm8 = 0
ArmD8 = 0
Arm9 = 0
ArmD9 = 0
Arm10 = 0
ArmD10 = 0
Arm11 = 0
ArmD11 = 0
Transferida = 
