[data]
Nombre = MC House
Dueño = Facundo_Koyro
Contraseña = 223347406
Dinero = 0
Precio = 50000
VirtualWorld = 578
Interior = 15
Comprada = true
Cerrada = false
Entrada_x = 2755.036376
Entrada_y = -1403.924560
Entrada_z = 39.373554
Salida_x = 326.308105
Salida_y = 1456.211425
Salida_z = 1084.595947
Familia = 0
Contraseña_puerta = 4321
Arm0 = 0
ArmD0 = 0
Arm1 = 0
ArmD1 = 0
Arm2 = 0
ArmD2 = 0
Arm3 = 0
ArmD3 = 0
Arm4 = 0
ArmD4 = 0
Arm5 = 0
ArmD5 = 0
Arm6 = 0
ArmD6 = 0
Arm7 = 0
ArmD7 = 0
Arm8 = 0
ArmD8 = 0
Arm9 = 0
ArmD9 = 0
Arm10 = 0
ArmD10 = 0
Transferida = 
