[data]
Nombre = Oficinas Lenders
Dueño = Yoe_Black
Contraseña = 0
Dinero = 0
Precio = 50000
VirtualWorld = 579
Interior = 9
Comprada = true
Cerrada = false
Entrada_x = 2755.243164
Entrada_y = -1401.859863
Entrada_z = 39.374763
Salida_x = 275.740203
Salida_y = 1237.718383
Salida_z = 1084.257812
Familia = 0
Contraseña_puerta = 0
Arm0 = 73
ArmD0 = 39
Arm1 = 0
ArmD1 = 0
Arm2 = 0
ArmD2 = 0
ObjData_0 = 2313|0.000|0.000|0.000|-0.098|1.098|1.600
ObjData_1 = 1727|280.584|1238.068|1083.136|-0.499|0.000|-144.999
ObjData_2 = 1502|0.000|0.000|0.000|0.000|0.000|0.000
ObjData_3 = 2120|0.000|0.000|0.000|0.598|-2.400|-177.199
ObjData_4 = 2356|280.168|1243.842|1083.277|0.000|0.000|143.800
ObjData_5 = 1765|275.315|1257.419|1083.171|0.099|0.000|-84.199
ObjData_6 = 2069|274.523|1237.298|1083.299|0.000|0.000|0.000
ObjData_7 = 2132|0.000|0.000|0.000|0.000|0.000|0.000
Arm3 = 0
ArmD3 = 0
Arm4 = 73
ArmD4 = 201
Arm5 = 73
ArmD5 = 100
Arm6 = 73
ArmD6 = 100
Arm7 = 73
ArmD7 = 100
Arm8 = 73
ArmD8 = 100
Arm9 = 0
ArmD9 = 0
Arm10 = 104
ArmD10 = 0
Arm11 = 104
ArmD11 = 0
ObjData_8 = 2165|280.235|1242.666|1083.279|0.399|1.300|178.100
ObjData_9 = 2356|0.000|0.000|0.000|0.000|0.000|0.000
ObjData_10 = 2202|274.351|1242.707|1083.269|0.000|0.000|91.800
ObjData_11 = 2161|278.870|1243.797|1084.248|0.199|0.000|-178.200
ObjData_12 = 1727|0.000|0.000|0.000|0.000|0.000|0.000
Transferida = 
