[data]
Nombre = Red_Zoro
Dueño = Eddy_Rodriguez
Contraseña = 32374981
Dinero = 0
Precio = 27000
VirtualWorld = 148
Interior = 2
Comprada = true
Cerrada = false
Entrada_x = 2168.954101
Entrada_y = -1815.134155
Entrada_z = 13.546875
Salida_x = 266.499664
Salida_y = 304.954559
Salida_z = 999.148437
Caja_Fuerte_x = 0.000000
Caja_Fuerte_y = 0.000000
Caja_Fuerte_z = 0.000000
Familia = 0
Ropa_0 = 0
Ropa_1 = 0
Ropa_2 = 0
Ropa_3 = 0
Ropa_4 = 0
Ropa_5 = 0
Ropa_6 = 0
Ropa_7 = 0
Ropa_8 = 0
Ropa_9 = 0
Contraseña_puerta = 1234
ObjData_0 = 19354|0.000|0.000|0.000|0.000|0.000|27.499
ObjData_1 = 19354|0.000|0.000|0.000|0.000|0.000|-90.098
ObjData_2 = 19354|0.000|0.000|0.000|0.000|0.000|89.899
ObjData_3 = 19354|0.000|0.000|0.000|0.000|0.000|-86.598
ObjData_48 = 0|0.000|0.000|0.000|0.000|0.000|0.000
ObjData_4 = 19354|0.000|0.000|0.000|0.000|0.000|-86.699
ObjData_5 = 19354|273.402|305.454|995.005|0.000|0.000|-170.500
ObjData_6 = 19384|270.139|304.716|996.327|0.000|0.000|27.899
ObjData_7 = 19427|0.000|0.000|0.000|0.000|0.000|0.000
Arma_0 = 0
Arma_1 = 0
Arma_2 = 0
Arma_3 = 0
Arma_4 = 0
Arma_5 = 0
Arma_6 = 0
Arma_7 = 0
Arma_8 = 0
Arma_9 = 0
Bala_0 = 0
Bala_1 = 0
Bala_2 = 0
Bala_3 = 0
Bala_4 = 0
Bala_5 = 0
Bala_6 = 0
Bala_7 = 0
Bala_8 = 0
Bala_9 = 0
ObjData_8 = 19427|0.000|0.000|0.000|0.000|0.000|0.000
ObjData_9 = 1726|270.091|308.380|998.115|0.000|0.000|0.000
ObjData_10 = 1502|0.000|0.000|0.000|0.000|0.000|0.000
ObjData_11 = 1742|0.000|0.000|0.000|0.000|-0.398|-100.500
ObjData_12 = 2167|268.585|302.108|998.153|0.499|-0.600|179.799
ObjData_13 = 2167|0.000|0.000|0.000|0.000|0.000|0.000
ObjData_14 = 0|0.000|0.000|0.000|0.000|0.000|0.000
ObjData_15 = 0|0.000|0.000|0.000|0.000|0.000|0.000
ObjData_16 = 0|0.000|0.000|0.000|0.000|0.000|0.000
ObjData_17 = 0|0.000|0.000|0.000|0.000|0.000|0.000
ObjData_18 = 0|0.000|0.000|0.000|0.000|0.000|0.000
ObjData_19 = 0|0.000|0.000|0.000|0.000|0.000|0.000
ObjData_20 = 0|0.000|0.000|0.000|0.000|0.000|0.000
ObjData_21 = 0|0.000|0.000|0.000|0.000|0.000|0.000
ObjData_22 = 0|0.000|0.000|0.000|0.000|0.000|0.000
ObjData_23 = 0|0.000|0.000|0.000|0.000|0.000|0.000
ObjData_24 = 0|0.000|0.000|0.000|0.000|0.000|0.000
ObjData_25 = 0|0.000|0.000|0.000|0.000|0.000|0.000
ObjData_26 = 0|0.000|0.000|0.000|0.000|0.000|0.000
ObjData_27 = 0|0.000|0.000|0.000|0.000|0.000|0.000
ObjData_28 = 0|0.000|0.000|0.000|0.000|0.000|0.000
ObjData_29 = 0|0.000|0.000|0.000|0.000|0.000|0.000
ObjData_30 = 0|0.000|0.000|0.000|0.000|0.000|0.000
ObjData_31 = 0|0.000|0.000|0.000|0.000|0.000|0.000
ObjData_32 = 0|0.000|0.000|0.000|0.000|0.000|0.000
Arm0 = 0
ArmD0 = 0
Arm1 = 0
ArmD1 = 0
Arm2 = 0
ArmD2 = 0
Arm3 = 0
ArmD3 = 0
Arm4 = 0
ArmD4 = 0
Arm5 = 0
ArmD5 = 0
Arm6 = 0
ArmD6 = 0
Arm7 = 0
ArmD7 = 0
Arm8 = 0
ArmD8 = 0
Arm9 = 0
ArmD9 = 0
Arm10 = 0
ArmD10 = 0
Transferida = Eddy_Rodriguez
Arm11 = 0
ArmD11 = 0
