[data]
Nombre = Henry
Dueño = Victor_Myers
Contraseña = 19726487
Dinero = 0
Precio = 50000
VirtualWorld = 581
Interior = 9
Comprada = true
Cerrada = true
Entrada_x = 2755.304687
Entrada_y = -1397.863159
Entrada_z = 39.375949
Salida_x = 275.740203
Salida_y = 1237.718383
Salida_z = 1084.257812
Familia = 0
Contraseña_puerta = 4321
Arm0 = 0
ArmD0 = 0
Arm1 = 0
ArmD1 = 0
Arm2 = 0
ArmD2 = 0
Arm3 = 0
ArmD3 = 0
Arm4 = 0
ArmD4 = 0
Arm5 = 0
ArmD5 = 0
Arm6 = 0
ArmD6 = 0
Transferida = Victor_Myers
ObjData_0 = 2030|278.866|1245.653|1083.667|0.000|0.000|0.000
ObjData_1 = 19384|276.200|1244.218|1085.010|0.000|0.000|88.099
ObjData_2 = 19427|274.561|1244.241|1084.989|0.000|0.000|89.999
ObjData_3 = 2313|274.276|1240.174|1083.449|0.000|0.000|89.799
ObjData_4 = 2132|278.792|1249.883|1083.278|0.000|0.000|0.000
ObjData_5 = 2165|275.475|1252.416|1083.268|0.000|0.000|-134.099
ObjData_6 = 2356|274.292|1252.741|1083.269|0.000|0.000|-139.200
ObjData_7 = 2525|269.847|1249.198|1083.409|0.000|0.000|0.000
ObjData_8 = 2161|276.092|1255.510|1084.159|0.000|0.000|-91.699
ObjData_9 = 2524|267.326|1246.706|1083.208|0.000|0.000|90.899
ObjData_10 = 2069|280.360|1243.535|1083.317|0.000|0.000|0.000
ObjData_11 = 2298|270.975|1253.433|1083.189|0.000|0.000|0.000
ObjData_12 = 1502|271.273|1250.945|1083.159|0.000|0.000|0.000
ObjData_13 = 1502|270.663|1247.035|1083.249|0.000|0.000|85.299
ObjData_14 = 1502|273.559|1245.621|1083.269|0.000|0.000|88.599
ObjData_15 = 2244|280.013|1238.178|1083.599|0.000|0.000|0.000
ObjData_16 = 1828|278.591|1240.696|1083.249|0.000|0.000|-92.799
ObjData_17 = 0|0.000|0.000|0.000|0.000|0.000|0.000
ObjData_18 = 1840|273.731|1242.034|1085.203|0.000|-16.100|178.699
ObjData_19 = 1840|273.833|1239.785|1085.179|-0.200|-14.199|-175.899
ObjData_20 = 16779|272.360|1253.436|1086.450|0.000|0.000|0.000
ObjData_21 = 1723|280.431|1241.679|1083.338|-0.800|0.000|-89.899
ObjData_22 = 1724|278.666|1243.588|1083.149|0.000|0.000|-17.500
ObjData_23 = 1724|279.270|1238.015|1083.209|0.000|0.000|-165.099
ObjData_24 = 2134|277.758|1249.897|1083.269|0.000|0.000|0.000
ObjData_25 = 2255|280.376|1238.675|1085.069|0.000|0.000|-88.200
Arm7 = 0
ArmD7 = 0
Arm8 = 0
ArmD8 = 0
Arm9 = 0
ArmD9 = 0
Arm10 = 0
ArmD10 = 0
Arm11 = 0
ArmD11 = 0
ObjData_26 = 2133|276.712|1249.887|1083.258|0.000|0.000|0.000
ObjData_27 = 2025|272.590|1244.083|1083.239|0.000|0.000|-179.800
ObjData_28 = 0|0.000|0.000|0.000|0.000|0.000|0.000
ObjData_29 = 1502|275.403|1244.233|1083.218|0.000|0.000|0.000
ObjData_30 = 1502|0.000|0.000|0.000|0.000|0.000|0.000
ObjData_31 = 2268|280.000|1237.591|1085.029|0.000|0.000|178.699
ObjData_32 = 0|0.000|0.000|0.000|0.000|0.000|0.000
ObjData_33 = 0|0.000|0.000|0.000|0.000|0.000|0.000
ObjData_34 = 0|0.000|0.000|0.000|0.000|0.000|0.000
ObjData_35 = 2115|278.644|1240.258|1082.988|0.000|0.000|89.699
ObjData_36 = 0|0.000|0.000|0.000|0.000|0.000|0.000
ObjData_37 = 2121|278.065|1245.675|1083.749|0.000|0.000|89.100
ObjData_38 = 2121|278.887|1246.492|1083.789|0.000|0.000|0.000
ObjData_39 = 2121|279.710|1245.796|1083.709|0.000|0.000|-88.700
ObjData_40 = 1738|267.007|1249.197|1083.739|0.000|0.000|89.099
ObjData_41 = 0|0.000|0.000|0.000|0.000|0.000|0.000
ObjData_42 = 2312|274.142|1240.866|1084.259|0.000|0.000|89.799
ObjData_43 = 1828|0.000|0.000|0.000|0.000|0.000|0.000
ObjData_44 = 0|0.000|0.000|0.000|0.000|0.000|0.000
