[data]
Nombre = Hogar Dulce Hogar
Dueño = Kriztian_Ruidiaz
Contraseña = 0
Dinero = 0
Precio = 50000
VirtualWorld = 582
Interior = 9
Comprada = true
Cerrada = false
Entrada_x = 2747.386718
Entrada_y = -1353.516113
Entrada_z = 44.326686
Salida_x = 275.740203
Salida_y = 1237.718383
Salida_z = 1084.257812
Familia = 0
Contraseña_puerta = 6789
Arm0 = 73
ArmD0 = 38
ObjData_0 = 2115|0.000|0.000|0.000|0.000|0.000|91.699
ObjData_1 = 2161|0.000|0.000|0.000|0.000|0.000|0.000
ObjData_2 = 2779|0.000|0.000|0.000|0.000|0.000|93.198
ObjData_3 = 2299|272.221|1255.138|1083.329|0.000|0.000|-92.300
ObjData_4 = 2313|0.000|0.000|0.000|-2.999|-1.799|90.698
ObjData_5 = 2630|0.000|0.000|0.000|0.000|0.000|0.000
ObjData_6 = 1208|0.000|0.000|0.000|0.000|0.000|179.699
ObjData_7 = 19427|0.000|0.000|0.000|0.000|0.000|0.000
ObjData_8 = 2132|0.000|0.000|0.000|0.000|0.000|0.000
ObjData_9 = 2132|278.928|1250.025|1083.239|0.000|0.000|-0.099
ObjData_10 = 2120|279.242|1246.386|1083.909|0.000|0.000|88.899
ObjData_11 = 2120|277.287|1246.827|1083.909|0.000|0.000|-179.500
ObjData_12 = 2120|278.816|1246.675|1083.939|0.000|0.000|0.000
ObjData_13 = 1765|0.000|0.000|0.000|0.300|1.200|-87.699
ObjData_14 = 2069|0.000|0.000|0.000|0.000|0.000|0.000
ObjData_15 = 19166|268.988|1254.496|1084.904|0.000|84.000|-0.699
ObjData_16 = 19317|280.860|1239.698|1085.521|-4.900|61.199|-94.199
ObjData_17 = 1840|274.216|1239.195|1083.739|0.000|0.000|-175.000
ObjData_18 = 1742|273.744|1241.521|1083.249|0.000|0.000|89.999
ObjData_19 = 1828|276.232|1239.940|1083.250|0.000|0.000|86.499
ObjData_20 = 19386|275.417|1244.195|1084.940|0.000|0.000|-90.199
ObjData_21 = 2964|272.143|1244.323|1083.269|0.000|0.000|0.000
Arm1 = 76
ArmD1 = 30
ObjData_22 = 19384|0.000|0.000|0.000|0.000|0.000|-89.899
ObjData_23 = 2127|274.932|1249.902|1083.218|0.000|0.000|0.000
ObjData_24 = 2129|277.898|1249.911|1083.209|0.000|0.000|-1.700
ObjData_25 = 2294|0.000|0.000|0.000|0.000|0.000|-89.299
ObjData_26 = 2129|0.000|0.000|0.000|0.000|0.000|-89.599
ObjData_27 = 1502|268.851|1257.163|1085.660|0.000|0.000|171.999
ObjData_28 = 1502|271.261|1250.969|1083.246|0.000|0.000|0.000
ObjData_29 = 2312|274.136|1239.913|1084.109|0.000|0.000|93.499
ObjData_30 = 1649|278.555|1244.162|1084.869|0.000|0.000|0.000
ObjData_31 = 1649|278.556|1244.216|1084.710|0.000|0.000|179.099
ObjData_32 = 1840|274.053|1240.699|1083.759|0.000|0.000|-177.900
ObjData_33 = 2129|276.911|1249.928|1083.219|0.000|0.000|0.000
ObjData_34 = 19354|0.000|0.000|0.000|0.000|0.000|0.000
ObjData_35 = 19354|0.000|0.000|0.000|0.000|0.000|-0.000
ObjData_36 = 19354|0.000|0.000|0.000|0.000|0.000|0.000
ObjData_37 = 19354|0.000|0.000|0.000|0.000|0.000|0.000
ObjData_38 = 19354|0.000|0.000|0.000|0.000|0.000|90.099
ObjData_39 = 19354|0.000|0.000|0.000|0.000|0.000|89.699
Arm2 = 76
ArmD2 = 20
ObjData_40 = 1744|273.689|1239.475|1084.529|0.000|0.000|90.000
ObjData_41 = 1817|277.958|1239.992|1083.239|0.000|0.000|-89.999
ObjData_42 = 2313|274.277|1239.258|1083.258|0.000|0.000|90.300
ObjData_43 = 1723|280.031|1239.689|1083.269|0.000|0.000|-90.000
ObjData_44 = 1724|278.639|1241.630|1083.129|0.000|0.000|0.000
ObjData_45 = 2028|278.512|1239.641|1083.419|0.000|0.000|88.699
ObjData_46 = 1723|280.074|1237.681|1083.259|0.000|0.000|179.700
ObjData_47 = 1742|273.771|1237.911|1083.248|0.000|0.000|89.999
ObjData_48 = 1502|274.673|1244.179|1083.178|0.000|0.000|0.000
ObjData_49 = 2069|280.075|1243.496|1083.329|0.000|0.000|0.000
ObjData_50 = 2120|278.229|1245.312|1083.899|0.000|0.000|179.600
ObjData_51 = 2120|0.000|0.000|0.000|0.000|0.000|0.000
ObjData_52 = 2112|279.404|1245.267|1083.649|0.000|0.000|0.000
ObjData_53 = 19173|275.921|1254.460|1084.969|0.000|0.000|87.599
Arm3 = 73
ArmD3 = 187
Arm4 = 113
ArmD4 = 53
Arm5 = 58
ArmD5 = 12
Arm6 = 5
ArmD6 = 8
Arm7 = 4
ArmD7 = 0
Arm8 = 113
ArmD8 = 53
Arm9 = 0
ArmD9 = 0
ObjData_54 = 2167|277.199|1241.022|1084.259|0.000|0.000|0.000
Transferida = 
