[data]
Nombre = Mue-k
Dueño = Alan_Astrada
Contraseña = 0
Dinero = 0
Precio = 50000
VirtualWorld = 584
Interior = 9
Comprada = true
Cerrada = false
Entrada_x = 2755.802978
Entrada_y = -1303.652465
Entrada_z = 53.093750
Salida_x = 275.740203
Salida_y = 1237.718383
Salida_z = 1084.257812
Familia = 0
Contraseña_puerta = 4532
Arm0 = 73
ArmD0 = 30
ObjData_0 = 2779|272.932|1243.881|1083.250|0.000|0.000|-88.599
ObjData_1 = 2161|269.558|1257.181|1083.259|0.000|0.000|0.000
ObjData_2 = 2120|279.127|1245.131|1083.849|0.000|0.000|-90.700
ObjData_3 = 2120|279.164|1246.905|1083.819|0.000|0.000|87.599
ObjData_4 = 2132|274.889|1249.906|1083.250|0.000|0.000|0.000
ObjData_5 = 2132|276.899|1249.878|1083.248|0.000|0.000|0.000
ObjData_6 = 2115|278.534|1246.013|1083.239|0.000|0.000|0.000
ObjData_7 = 2165|271.081|1256.797|1083.238|0.000|0.000|0.000
ObjData_8 = 2356|271.754|1255.992|1083.238|0.000|0.000|0.000
ObjData_9 = 2313|269.475|1253.606|1083.248|0.000|0.000|89.499
ObjData_10 = 2141|278.893|1249.908|1083.218|0.000|0.000|0.000
ObjData_11 = 2149|274.760|1250.135|1084.460|0.000|0.000|0.000
ObjData_12 = 2202|0.000|0.000|0.000|0.000|0.000|0.000
ObjData_13 = 2069|275.384|1251.633|1083.328|0.000|0.000|0.000
ObjData_14 = 2299|272.204|1254.770|1083.309|0.000|0.000|-90.699
ObjData_15 = 2316|269.265|1254.235|1084.089|0.000|0.000|89.099
ObjData_16 = 2527|267.388|1248.263|1083.249|0.000|0.000|0.000
ObjData_17 = 2524|270.059|1247.165|1083.248|0.000|0.000|177.999
ObjData_18 = 1208|267.594|1247.092|1083.269|0.000|0.000|0.000
ObjData_19 = 2525|269.360|1249.291|1083.258|0.000|0.000|0.000
ObjData_20 = 2630|269.455|1252.050|1083.219|0.000|0.000|0.000
ObjData_21 = 2964|278.790|1242.548|1083.229|0.000|0.000|0.000
ObjData_22 = 1502|270.620|1248.588|1083.279|0.000|0.000|-90.500
ObjData_23 = 1502|271.279|1250.945|1083.249|0.000|0.000|0.000
ObjData_24 = 1409|279.921|1250.014|1083.358|0.000|0.000|0.000
ObjData_25 = 1723|280.343|1240.589|1083.248|0.000|0.000|-89.800
ObjData_26 = 1724|279.860|1237.637|1083.239|0.000|0.000|178.399
ObjData_27 = 1828|272.324|1254.202|1083.310|0.000|0.000|0.000
ObjData_28 = 2627|0.000|0.000|0.000|0.000|0.000|0.000
ObjData_29 = 1839|269.352|1255.110|1083.736|0.000|0.000|-178.399
ObjData_30 = 1840|0.000|0.000|0.000|0.000|0.000|0.000
ObjData_31 = 16779|278.073|1240.123|1086.348|0.000|0.000|0.000
ObjData_32 = 1817|278.371|1240.079|1083.218|0.000|0.000|-89.200
Arm1 = 13
ArmD1 = 0
Arm2 = 0
ArmD2 = 0
Arm3 = 0
ArmD3 = 0
Arm4 = 0
ArmD4 = 0
Arm5 = 0
ArmD5 = 0
Arm6 = 0
ArmD6 = 0
Arm7 = 0
ArmD7 = 0
Arm8 = 0
ArmD8 = 0
Arm9 = 0
ArmD9 = 0
ObjData_33 = 19384|275.355|1244.172|1084.860|0.000|0.000|-90.300
ObjData_34 = 1649|278.737|1244.190|1084.800|0.000|0.000|0.000
ObjData_35 = 1502|274.597|1244.158|1083.058|0.000|0.000|0.000
Arm10 = 0
ArmD10 = 0
Arm11 = 0
ArmD11 = 0
Transferida = Alan_Astrada
