[data]
Nombre = Venta
Dueño = Fernando_Jimenez
Contraseña = 0
Dinero = 0
Precio = 50000
VirtualWorld = 585
Interior = 9
Comprada = true
Cerrada = false
Entrada_x = 2755.944580
Entrada_y = -1301.397338
Entrada_z = 53.093750
Salida_x = 275.740203
Salida_y = 1237.718383
Salida_z = 1084.257812
Familia = 0
Contraseña_puerta = 2314
Arm0 = 0
ArmD0 = 0
ObjData_0 = 19446|282.186|1237.073|1084.880|0.000|0.000|-89.800
ObjData_1 = 19446|273.816|1240.854|1084.889|0.000|0.000|0.000
ObjData_2 = 19446|281.825|1244.063|1084.850|0.000|0.000|88.200
ObjData_3 = 19446|269.522|1237.097|1084.879|0.000|0.000|90.000
ObjData_4 = 19446|280.956|1239.308|1084.877|0.000|0.000|0.000
ObjData_5 = 19446|278.353|1250.394|1084.890|0.000|0.000|89.200
ObjData_6 = 2115|276.383|1247.085|1083.268|0.000|0.000|0.000
ObjData_7 = 2079|278.006|1247.015|1083.889|0.000|0.000|0.000
ObjData_8 = 2079|276.589|1246.321|1083.929|0.000|0.000|-91.100
ObjData_9 = 2079|276.793|1247.672|1083.889|0.000|0.000|88.199
ObjData_10 = 2079|275.827|1247.120|1083.899|0.000|0.000|177.600
ObjData_11 = 2313|280.285|1240.802|1083.289|0.000|0.000|-88.599
ObjData_12 = 2316|280.309|1240.305|1084.169|0.000|0.000|-91.900
ObjData_13 = 1502|270.743|1247.045|1083.238|0.000|0.000|88.000
ObjData_14 = 1502|271.248|1250.955|1083.259|0.000|0.000|0.000
ObjData_15 = 1502|0.000|0.000|0.000|0.000|0.000|0.000
ObjData_16 = 2294|279.981|1247.890|1083.269|0.000|0.000|-89.200
ObjData_17 = 2129|279.906|1248.876|1083.269|0.000|0.000|-85.599
ObjData_18 = 2127|277.200|1249.825|1083.259|0.000|0.000|1.099
ObjData_19 = 2128|279.205|1249.880|1083.249|0.000|0.000|0.000
ObjData_20 = 2130|279.896|1246.807|1083.299|0.000|0.000|-89.900
ObjData_21 = 1723|277.385|1239.893|1083.266|0.000|0.000|90.399
ObjData_22 = 1724|278.458|1243.549|1083.269|0.000|0.000|0.000
ObjData_23 = 1724|279.323|1237.733|1083.169|0.000|0.000|-179.199
ObjData_24 = 2149|280.027|1248.822|1084.469|0.000|0.000|-61.599
ObjData_25 = 1717|270.100|1252.654|1083.228|0.000|0.000|53.000
ObjData_26 = 16779|276.291|1240.684|1086.340|0.000|0.000|0.000
ObjData_27 = 1839|277.987|1250.183|1085.439|0.000|0.000|94.399
ObjData_28 = 1840|278.612|1250.057|1085.469|0.000|0.000|56.799
ObjData_29 = 1840|0.000|0.000|0.000|0.000|0.000|0.000
ObjData_30 = 2525|269.239|1249.318|1083.268|0.000|0.000|0.000
ObjData_31 = 2524|269.810|1247.202|1083.215|2.600|0.000|-177.200
ObjData_32 = 2527|267.700|1248.292|1083.249|0.000|0.000|0.000
ObjData_33 = 2526|267.190|1247.131|1083.399|0.000|0.000|0.000
ObjData_34 = 1828|277.939|1240.789|1083.256|0.000|0.000|86.699
ObjData_35 = 19384|0.000|0.000|0.000|0.000|0.000|0.000
ObjData_36 = 19384|0.000|0.000|0.000|0.000|0.000|0.000
ObjData_37 = 19384|0.000|0.000|0.000|0.000|0.000|0.000
ObjData_38 = 19384|275.458|1244.123|1084.879|0.000|0.000|90.699
ObjData_39 = 19446|280.501|1249.473|1084.968|0.000|-0.200|-0.000
ObjData_40 = 19446|281.984|1244.616|1084.960|0.000|0.000|92.200
ObjData_41 = 19384|275.775|1237.071|1084.879|0.000|0.000|90.000
ObjData_42 = 19446|274.274|1248.919|1084.097|-90.600|0.999|0.000
ObjData_43 = 2298|271.939|1255.823|1083.229|0.000|0.000|-90.799
ObjData_44 = 19173|278.305|1237.225|1085.169|0.000|0.000|0.000
ObjData_45 = 19172|277.995|1244.057|1085.159|0.000|0.000|0.000
ObjData_46 = 19166|275.471|1250.265|1084.822|86.700|0.000|0.000
ObjData_47 = 19172|0.000|0.000|0.000|0.000|0.000|0.000
ObjData_48 = 2165|269.622|1255.880|1083.269|0.000|0.000|52.900
ObjData_49 = 2356|270.710|1255.884|1083.249|0.000|0.000|54.299
Arm1 = 0
ArmD1 = 0
Arm2 = 0
ArmD2 = 0
Arm3 = 101
ArmD3 = 0
Arm4 = 101
ArmD4 = 0
Arm5 = 0
ArmD5 = 0
Arm6 = 101
ArmD6 = 0
Arm7 = 0
ArmD7 = 0
Arm8 = 0
ArmD8 = 0
Arm9 = 0
ArmD9 = 0
Arm10 = 0
ArmD10 = 0
Arm11 = 0
ArmD11 = 0
Transferida = Alexis_Astrada
