[data]
Nombre = Después de Jefferson...
Dueño = Joan_Gomenzoro
Contraseña = 0
Dinero = 0
Precio = 150000
VirtualWorld = 586
Interior = 6
Comprada = true
Cerrada = true
Entrada_x = 2415.411865
Entrada_y = -52.284317
Entrada_z = 28.153547
Salida_x = 2196.836181
Salida_y = -1204.180297
Salida_z = 1049.023437
Familia = 0
Contraseña_puerta = 0
Arm0 = 75
ArmD0 = 8
ObjData_0 = 2298|2186.636|-1212.581|1047.972|0.000|0.000|0.000
Transferida = Joan_Gomenzoro
Arm1 = 0
ArmD1 = 0
Arm2 = 89
ArmD2 = 0
Arm3 = 76
ArmD3 = 15
Arm4 = 85
ArmD4 = 2
Arm5 = 28
ArmD5 = 0
Arm6 = 28
ArmD6 = 0
Arm7 = 9
ArmD7 = 30
Arm8 = 0
ArmD8 = 0
Arm9 = 4
ArmD9 = 2
Arm10 = 24
ArmD10 = 0
Arm11 = 76
ArmD11 = 5
