[data]
Nombre = [VIP Robert Underwood]
Due単o = Sin Due単o
Contrase単a = 0
Dinero = 0
Precio = 999999999
VirtualWorld = 587
Interior = 5
Comprada = false
Cerrada = false
Entrada_x = 618.896850
Entrada_y = -1626.740722
Entrada_z = 16.767593
Salida_x = 1299.058593
Salida_y = -796.149597
Salida_z = 1084.007812
Familia = 0
Contrase単a_puerta = 0
Arm0 = 0
ArmD0 = 0
ObjData_0 = 2028|0.000|0.000|0.000|0.000|0.000|0.000
Arm1 = 0
ArmD1 = 0
Arm2 = 0
ArmD2 = 0
Arm3 = 0
ArmD3 = 0
Arm4 = 0
ArmD4 = 0
Arm5 = 0
ArmD5 = 0
Arm6 = 0
ArmD6 = 0
Arm7 = 0
ArmD7 = 0
Arm8 = 0
ArmD8 = 0
Arm9 = 0
ArmD9 = 0
Transferida = Miky_Boyx
