[data]
Nombre = | Mansi칩n Wolf |
Due침o = Agustin_Wolf
Contrase침a = 0
Dinero = 0
Precio = 300000
VirtualWorld = 588
Interior = 6
Comprada = true
Cerrada = true
Entrada_x = 1051.040283
Entrada_y = -1059.297851
Entrada_z = 34.796646
Salida_x = 268.538787
Salida_y = 1063.776977
Salida_z = 1084.212280
Familia = 0
Contrase침a_puerta = 0
Transferida = Agustin_Wolf
Arm11 = 0
ArmD11 = 0
Arm10 = 0
ArmD10 = 0
Arm0 = 5
ArmD0 = 0
Arm1 = 0
ArmD1 = 0
Arm2 = 0
ArmD2 = 0
Arm9 = 0
ArmD9 = 0
Arm3 = 23
ArmD3 = 0
Arm4 = 0
ArmD4 = 0
Arm5 = 0
ArmD5 = 0
Arm6 = 0
ArmD6 = 0
Arm7 = 0
ArmD7 = 0
Arm8 = 0
ArmD8 = 0
