[data]
Nombre = Klk
Dueño = Jose_Tiesto
Contraseña = 282919686
Dinero = 0
Precio = 27000
VirtualWorld = 149
Interior = 2
Comprada = true
Cerrada = true
Entrada_x = 2162.638916
Entrada_y = -1815.213623
Entrada_z = 13.546875
Salida_x = 266.499664
Salida_y = 304.954559
Salida_z = 999.148437
Caja_Fuerte_x = 0.000000
Caja_Fuerte_y = 0.000000
Caja_Fuerte_z = 0.000000
Familia = 0
Ropa_0 = 0
Ropa_1 = 0
Ropa_2 = 0
Ropa_3 = 0
Ropa_4 = 0
Ropa_5 = 0
Ropa_6 = 0
Ropa_7 = 0
Ropa_8 = 0
Ropa_9 = 0
Contraseña_puerta = 1208
ObjData_0 = 19354|0.000|0.000|0.000|0.000|0.000|0.200
ObjData_49 = 0|0.000|0.000|0.000|0.000|0.000|0.000
ObjData_1 = 2165|269.618|302.819|998.232|0.999|1.199|69.899
ObjData_2 = 2356|270.898|302.986|998.288|0.000|0.000|69.899
ObjData_3 = 2028|267.757|307.940|998.188|0.000|0.000|0.000
ObjData_4 = 2161|269.279|302.094|999.858|0.000|0.000|-179.599
ObjData_5 = 2069|269.617|308.765|998.197|0.000|0.000|0.000
ObjData_6 = 19172|270.831|304.365|1000.305|0.000|0.000|-68.299
ObjData_7 = 2316|273.861|302.386|999.275|0.000|0.000|-151.499
ObjData_8 = 2313|0.000|0.000|0.000|0.000|0.000|-128.598
ObjData_9 = 2527|0.000|0.000|0.000|0.000|0.000|90.599
ObjData_10 = 2524|0.000|0.000|0.000|0.000|0.000|89.799
ObjData_11 = 2525|273.790|305.157|998.185|0.399|-2.500|-89.800
ObjData_12 = 1502|269.981|308.270|998.136|0.000|0.000|-78.999
ObjData_13 = 1502|0.000|0.000|0.000|174.199|-179.399|-91.700
ObjData_14 = 2312|267.444|307.809|1001.728|26.100|1.200|11.800
ObjData_15 = 2167|267.777|301.983|999.850|0.599|-1.000|-175.498
ObjData_16 = 19354|273.610|302.399|998.936|-2.400|-89.599|17.699
ObjData_17 = 2136|0.000|0.000|0.000|0.000|0.000|179.699
ObjData_18 = 2128|0.000|0.000|0.000|0.000|0.000|-85.299
ObjData_19 = 19354|271.001|304.453|999.918|0.000|0.000|21.200
ObjData_20 = 19354|271.598|302.898|999.928|0.000|0.000|21.700
ObjData_21 = 19354|273.022|303.526|997.097|0.000|0.000|90.499
ObjData_22 = 19354|0.000|0.000|0.000|0.599|-1.400|-91.500
ObjData_23 = 19354|0.000|0.000|0.000|-0.700|1.799|88.200
ObjData_24 = 19354|0.000|0.000|0.000|0.000|0.000|0.000
ObjData_25 = 19354|0.000|0.000|0.000|0.000|0.000|-133.600
ObjData_26 = 19354|0.000|0.000|0.000|0.000|0.000|-89.999
ObjData_27 = 19354|0.000|0.000|0.000|0.000|0.000|-90.698
ObjData_28 = 19354|0.000|0.000|0.000|0.000|0.000|-37.700
ObjData_29 = 19384|270.159|307.485|999.917|0.000|0.000|9.800
ObjData_30 = 19384|0.000|0.000|0.000|0.399|1.399|-0.499
ObjData_31 = 19384|0.000|0.000|0.000|0.000|0.000|0.000
ObjData_32 = 19354|0.000|0.000|0.000|0.000|0.000|-44.298
ObjData_33 = 19354|0.000|0.000|0.000|0.000|0.000|0.000
ObjData_34 = 19357|0.000|0.000|0.000|0.000|0.000|0.000
ObjData_35 = 1726|0.000|0.000|0.000|0.000|0.000|51.398
ObjData_36 = 19173|0.000|0.000|0.000|0.000|0.000|0.000
ObjData_37 = 19166|0.000|0.000|0.000|179.298|-88.900|142.199
ObjData_38 = 19172|0.000|0.000|0.000|0.000|0.000|-90.098
ObjData_39 = 16779|269.952|304.158|1002.192|0.000|0.000|0.000
Arma_0 = 0
Arma_1 = 0
Arma_2 = 0
Arma_3 = 0
Arma_4 = 0
Arma_5 = 0
Arma_6 = 0
Arma_7 = 0
Arma_8 = 0
Arma_9 = 0
Bala_0 = 0
Bala_1 = 0
Bala_2 = 0
Bala_3 = 0
Bala_4 = 0
Bala_5 = 0
Bala_6 = 0
Bala_7 = 0
Bala_8 = 0
Bala_9 = 0
Arm0 = 48
ArmD0 = 0
ObjData_40 = 2299|0.000|0.000|0.000|0.000|0.000|0.000
ObjData_41 = 1702|267.849|302.252|998.097|-2.400|0.000|133.899
ObjData_42 = 2161|0.000|0.000|0.000|-0.199|0.000|-176.900
ObjData_43 = 2161|0.000|0.000|0.000|0.000|0.000|0.000
ObjData_44 = 1705|266.631|306.108|998.086|0.000|-0.098|76.598
ObjData_45 = 19317|272.659|302.167|1000.535|0.000|0.000|-174.799
ObjData_46 = 1840|0.000|0.000|0.000|0.000|0.000|0.000
ObjData_47 = 1840|267.865|308.373|998.989|0.000|0.000|128.899
ObjData_48 = 1839|269.086|302.045|999.218|0.000|0.000|-88.500
Arm1 = 3
ArmD1 = 0
Transferida = 
Arm2 = 4
ArmD2 = 0
Arm3 = 34
ArmD3 = 4
Arm4 = 30
ArmD4 = 0
Arm5 = 8
ArmD5 = 13
Arm6 = 9
ArmD6 = 30
Arm7 = 30
ArmD7 = 0
Arm8 = 4
ArmD8 = 0
Arm9 = 11
ArmD9 = 0
Arm10 = 3
ArmD10 = 0
Arm11 = 28
ArmD11 = 0
