[data]
Nombre = Verapaz
Dueño = Santiago_Perez
Contraseña = 0
Dinero = 0
Precio = 420000
VirtualWorld = 591
Interior = 6
Comprada = true
Cerrada = true
Entrada_x = 850.664367
Entrada_y = -1687.288085
Entrada_z = 14.938528
Salida_x = 2196.836181
Salida_y = -1204.180297
Salida_z = 1049.023437
Familia = 0
Contraseña_puerta = 1970
Transferida = Santiago_Perez
Arm0 = 0
ArmD0 = 0
Arm1 = 0
ArmD1 = 0
Arm2 = 68
ArmD2 = 68
Arm3 = 76
ArmD3 = 9
Arm4 = 85
ArmD4 = 1
