[data]
Nombre = [VIP] LanceClawson
Dueño = Lance_Clawson
Contraseña = 0
Dinero = 0
Precio = 1
VirtualWorld = 592
Interior = 5
Comprada = true
Cerrada = true
Entrada_x = 932.166992
Entrada_y = -609.129760
Entrada_z = 115.166213
Salida_x = 140.182907
Salida_y = 1396.654785
Salida_z = 1083.859375
Familia = 0
Contraseña_puerta = 0
Transferida = Lance_Clawson
Arm1 = 0
ArmD1 = 0
Arm0 = 0
ArmD0 = 0
Arm3 = 0
ArmD3 = 0
Arm2 = 0
ArmD2 = 0
Arm4 = 0
ArmD4 = 0
Arm5 = 0
ArmD5 = 0
Arm6 = 0
ArmD6 = 0
Arm7 = 0
ArmD7 = 0
Arm8 = 0
ArmD8 = 0
Arm9 = 0
ArmD9 = 0
Arm10 = 0
ArmD10 = 0
Arm11 = 0
ArmD11 = 0
