[data]
Nombre = larry yongo
Dueño = Larry_Kamonda
Contraseña = 469173073
Dinero = 0
Precio = 35000
VirtualWorld = 593
Interior = 15
Comprada = true
Cerrada = true
Entrada_x = 1867.763427
Entrada_y = -2010.060546
Entrada_z = 13.546875
Salida_x = 326.308105
Salida_y = 1456.211425
Salida_z = 1084.595947
Familia = 0
Contraseña_puerta = 7531
Transferida = Larry_Kamonda
Arm0 = 75
ArmD0 = 10
ObjData_0 = 2299|329.340|1467.868|1083.486|-0.500|-1.200|-93.799
Arm1 = 0
ArmD1 = 0
