[data]
Nombre = || Pansho is life ||
Dueño = Franco_Taparte
Contraseña = 0
Dinero = 0
Precio = 300000
VirtualWorld = 597
Interior = 6
Comprada = true
Cerrada = false
Entrada_x = 993.770935
Entrada_y = -1059.029785
Entrada_z = 33.699501
Salida_x = 268.538787
Salida_y = 1063.776977
Salida_z = 1084.212280
Familia = 0
Contraseña_puerta = 0
Transferida = Franco_Taparte
Arm0 = 0
ArmD0 = 0
Arm1 = 0
ArmD1 = 0
Arm2 = 0
ArmD2 = 0
Arm3 = 0
ArmD3 = 0
Arm4 = 0
ArmD4 = 0
Arm5 = 0
ArmD5 = 0
Arm6 = 0
ArmD6 = 0
Arm7 = 0
ArmD7 = 0
Arm8 = 0
ArmD8 = 0
Arm9 = 0
ArmD9 = 0
