[data]
Nombre = Casa De El Juan
Dueño = Juan_Stivens
Contraseña = 713622975
Dinero = 0
Precio = 27000
VirtualWorld = 152
Interior = 2
Comprada = true
Cerrada = false
Entrada_x = 2151.048828
Entrada_y = -1807.920166
Entrada_z = 13.546339
Salida_x = 266.499664
Salida_y = 304.954559
Salida_z = 999.148437
Caja_Fuerte_x = 0.000000
Caja_Fuerte_y = 0.000000
Caja_Fuerte_z = 0.000000
Familia = 0
Ropa_0 = 0
Ropa_1 = 0
Ropa_2 = 0
Ropa_3 = 0
Ropa_4 = 0
Ropa_5 = 0
Ropa_6 = 0
Ropa_7 = 0
Ropa_8 = 0
Ropa_9 = 0
Contraseña_puerta = 1234
ObjData_0 = 19355|0.000|0.000|0.000|0.000|-90.099|0.000
ObjData_1 = 1828|269.769|305.923|998.127|0.000|0.000|0.000
ObjData_2 = 16779|269.221|305.806|1002.227|0.000|0.000|0.000
ObjData_3 = 2161|270.579|302.636|998.104|0.699|-0.100|87.299
ObjData_4 = 1723|266.968|306.778|998.118|0.000|0.000|46.302
ObjData_5 = 2779|0.000|0.000|0.000|0.000|0.000|0.000
ObjData_6 = 2313|269.708|308.485|998.138|0.000|0.000|0.000
ObjData_7 = 1502|275.064|304.956|998.096|0.000|0.000|-3.299
ObjData_8 = 1808|273.925|306.374|998.143|-5.499|-1.100|-87.799
ObjData_9 = 19387|282.841|304.478|999.888|0.000|0.000|-93.399
ObjData_10 = 2525|274.016|302.569|998.177|0.000|0.000|-177.500
ObjData_11 = 2316|270.402|308.631|998.978|0.000|0.000|0.000
ObjData_12 = 19317|0.000|0.000|0.000|-3.598|13.800|-121.098
ObjData_13 = 2069|269.008|308.569|998.267|0.000|0.000|0.000
ObjData_14 = 2069|269.882|302.354|998.177|0.000|0.000|0.000
ObjData_15 = 1840|269.696|308.615|998.628|0.000|0.000|82.699
ObjData_16 = 2103|268.788|302.266|999.698|0.000|0.000|-170.098
ObjData_17 = 1840|271.148|308.543|998.628|0.000|0.000|96.399
ObjData_18 = 2167|274.209|305.550|998.118|0.000|0.000|-90.899
ObjData_19 = 1738|275.273|303.826|998.658|0.000|0.000|-88.098
ObjData_20 = 19357|275.127|303.653|999.888|0.000|0.000|0.000
ObjData_21 = 19166|276.889|303.276|1000.411|1.100|-89.698|0.199
Arm0 = 76
ArmD0 = 25
Arm1 = 68
ArmD1 = 60
Arm2 = 66
ArmD2 = 0
Arm3 = 101
ArmD3 = 0
Arm4 = 0
ArmD4 = 0
Arm5 = 106
ArmD5 = 8
Arm6 = 106
ArmD6 = 8
Arm7 = 103
ArmD7 = 0
ObjData_52 = 0|0.000|0.000|0.000|0.000|0.000|0.000
ObjData_22 = 1765|271.817|308.458|998.215|1.300|2.500|-39.901
ObjData_23 = 2301|269.133|305.669|998.272|-1.699|0.100|-177.700
ObjData_24 = 19356|268.008|306.864|1002.338|-0.201|-89.700|179.999
ObjData_25 = 2524|273.814|302.611|998.163|0.199|-0.898|-176.500
ObjData_26 = 1208|272.209|302.379|998.182|1.000|0.898|2.398
ObjData_27 = 1808|0.000|0.000|0.000|0.000|0.000|0.000
ObjData_28 = 1744|266.121|302.567|999.765|-0.899|0.000|90.599
ObjData_29 = 0|0.000|0.000|0.000|0.000|0.000|0.000
ObjData_30 = 19173|0.000|0.000|0.000|0.000|0.000|0.000
ObjData_31 = 19172|268.653|302.079|1001.139|0.000|0.000|179.499
ObjData_32 = 2136|266.749|302.474|998.157|0.600|0.499|91.999
ObjData_33 = 19356|268.018|303.658|1002.325|0.000|90.000|0.099
ObjData_34 = 19356|271.427|306.865|1002.330|0.000|90.699|0.000
ObjData_35 = 19356|271.398|303.677|1002.352|-0.200|89.200|0.100
Transferida = Juan_Stivens
Arm8 = 67
ArmD8 = 0
Arm9 = 0
ArmD9 = 0
Arm10 = 101
ArmD10 = 0
Arm11 = 101
ArmD11 = 0
ObjData_36 = 2614|270.273|308.830|1000.541|0.000|1.199|0.000
