[data]
Nombre = Sweet Home
Dueño = Oscar_Ranuare
Contraseña = 67109270
Dinero = 0
Precio = 27000
VirtualWorld = 153
Interior = 2
Comprada = true
Cerrada = true
Entrada_x = 2151.034912
Entrada_y = -1789.187133
Entrada_z = 13.509243
Salida_x = 266.499664
Salida_y = 304.954559
Salida_z = 999.148437
Caja_Fuerte_x = 0.000000
Caja_Fuerte_y = 0.000000
Caja_Fuerte_z = 0.000000
Familia = 0
Ropa_0 = 0
Ropa_1 = 0
Ropa_2 = 0
Ropa_3 = 0
Ropa_4 = 0
Ropa_5 = 0
Ropa_6 = 0
Ropa_7 = 0
Ropa_8 = 0
Ropa_9 = 0
Contraseña_puerta = 4321
ObjData_0 = 2298|273.383|306.633|997.908|0.000|0.000|89.599
ObjData_1 = 2312|270.215|301.943|999.555|0.000|0.000|179.700
ObjData_2 = 1723|269.248|305.145|998.168|0.000|0.000|-1.699
ObjData_3 = 2525|268.969|308.431|998.125|0.000|0.000|0.000
ObjData_4 = 16779|270.065|303.881|1002.108|0.000|0.000|0.000
Arma_0 = 0
Arma_1 = 0
Arma_2 = 0
Arma_3 = 0
Arma_4 = 0
Arma_5 = 0
Arma_6 = 0
Arma_7 = 0
Arma_8 = 0
Arma_9 = 0
Bala_0 = 0
Bala_1 = 0
Bala_2 = 0
Bala_3 = 0
Bala_4 = 0
Bala_5 = 0
Bala_6 = 0
Bala_7 = 0
Bala_8 = 0
Bala_9 = 0
ObjData_5 = 1840|269.509|302.320|998.708|0.000|0.000|-91.999
ObjData_6 = 1828|270.285|303.611|998.138|0.000|0.000|0.000
ObjData_7 = 2161|266.266|302.958|999.786|0.000|0.000|88.900
ObjData_53 = 0|0.000|0.000|0.000|0.000|0.000|0.000
ObjData_8 = 19429|268.466|307.411|998.082|0.499|89.500|89.599
ObjData_9 = 1502|267.081|305.743|998.108|0.000|0.000|-1.099
ObjData_10 = 1840|271.056|302.327|998.705|0.000|0.000|-80.899
ObjData_11 = 1724|272.377|303.572|998.205|0.000|0.000|-90.599
ObjData_12 = 1724|272.776|307.830|998.187|-0.100|0.000|-44.400
ObjData_13 = 19429|269.332|307.495|1002.419|-90.699|0.000|0.000
ObjData_14 = 19172|270.220|305.610|999.988|0.000|0.000|-2.099
ObjData_15 = 2524|267.195|307.262|998.188|0.000|0.000|46.199
ObjData_16 = 1817|270.665|301.584|999.087|89.599|-88.899|-90.900
ObjData_17 = 19317|274.128|303.596|999.636|0.000|97.899|-84.600
ObjData_18 = 2313|270.959|302.203|998.185|0.000|0.000|-179.700
ObjData_19 = 19173|270.059|302.083|1000.518|0.000|0.000|0.000
ObjData_20 = 19384|272.647|305.611|999.856|0.000|0.000|-91.799
ObjData_21 = 19446|270.674|305.647|1003.036|0.000|0.000|87.900
ObjData_22 = 19166|269.489|307.262|999.948|93.599|85.699|5.000
Arm0 = 0
ArmD0 = 0
Arm1 = 0
ArmD1 = 0
Arm2 = 0
ArmD2 = 0
Arm3 = 0
ArmD3 = 0
Arm4 = 0
ArmD4 = 0
Arm5 = 0
ArmD5 = 0
Arm6 = 0
ArmD6 = 0
Arm7 = 0
ArmD7 = 0
Arm8 = 0
ArmD8 = 0
ObjData_23 = 19384|267.870|305.790|999.888|0.000|0.000|87.599
ObjData_24 = 19354|269.336|307.385|999.896|0.000|0.000|0.000
ObjData_25 = 19427|270.246|305.692|999.908|0.000|0.000|88.099
ObjData_26 = 2525|271.446|306.170|998.190|0.000|1.899|-170.200
ObjData_27 = 2524|270.744|306.305|998.148|-2.199|8.500|-173.100
ObjData_28 = 2069|274.060|302.251|998.205|0.000|0.000|0.000
ObjData_29 = 1502|271.903|305.571|998.098|0.000|0.000|-1.199
ObjData_30 = 1744|274.405|304.179|999.148|0.000|0.000|-89.800
ObjData_31 = 2356|267.397|303.000|998.208|0.000|0.000|82.699
ObjData_32 = 2165|266.571|302.557|998.128|0.000|-0.299|89.699
ObjData_33 = 19429|270.227|307.511|998.058|0.000|-90.400|-90.299
ObjData_34 = 19356|272.641|307.270|998.074|0.100|-89.500|89.199
ObjData_35 = 19429|266.902|307.433|998.081|0.000|89.599|89.200
ObjData_36 = 1808|268.869|302.148|998.064|0.499|-1.599|178.199
ObjData_37 = 2028|270.184|302.322|998.719|-3.700|-2.200|-179.799
ObjData_38 = 2141|268.087|302.170|998.073|0.000|-1.800|176.200
ObjData_39 = 2527|267.912|307.163|998.152|0.000|0.000|-90.899
Transferida = 
