[data]
Nombre = FKEOWQKPWEOKGOP
Dueño = Hector_Hernandez
Contraseña = 36765921
Dinero = 0
Precio = 27000
VirtualWorld = 154
Interior = 2
Comprada = true
Cerrada = true
Entrada_x = 2172.333740
Entrada_y = -1819.688232
Entrada_z = 16.140625
Salida_x = 266.499664
Salida_y = 304.954559
Salida_z = 999.148437
Caja_Fuerte_x = 0.000000
Caja_Fuerte_y = 0.000000
Caja_Fuerte_z = 0.000000
Familia = 0
Ropa_0 = 0
Ropa_1 = 0
Ropa_2 = 0
Ropa_3 = 0
Ropa_4 = 0
Ropa_5 = 0
Ropa_6 = 0
Ropa_7 = 0
Ropa_8 = 0
Ropa_9 = 0
Contraseña_puerta = 6798
ObjData_0 = 2298|269.689|306.299|998.118|-0.799|0.101|-47.697
ObjData_1 = 2312|267.093|302.384|999.004|0.000|0.000|167.499
ObjData_2 = 1723|266.866|306.786|998.081|3.000|0.000|43.000
ObjData_3 = 2313|267.983|302.514|998.135|0.000|0.000|-178.700
Arma_0 = 3
Arma_1 = 31
Arma_2 = 27
Arma_3 = 25
Arma_4 = 23
Arma_5 = 0
Arma_6 = 0
Arma_7 = 0
Arma_8 = 0
Arma_9 = 0
Bala_0 = 1
Bala_1 = 118
Bala_2 = 100
Bala_3 = 27
Bala_4 = 95
Bala_5 = 0
Bala_6 = 0
Bala_7 = 0
Bala_8 = 0
Bala_9 = 0
ObjData_4 = 19354|0.000|0.000|0.000|0.000|0.000|-84.900
ObjData_5 = 19384|0.000|0.000|0.000|0.000|0.000|0.000
ObjData_6 = 2525|0.000|0.000|0.000|0.000|0.000|-83.500
ObjData_7 = 1502|0.000|0.000|0.000|0.000|0.000|-89.299
ObjData_8 = 2524|0.000|0.000|0.000|0.000|0.000|-88.598
ObjData_9 = 16779|269.504|304.940|1002.229|0.000|0.000|0.000
ObjData_10 = 2115|0.000|0.000|0.000|0.000|0.000|0.000
ObjData_11 = 1828|268.582|306.850|998.155|0.000|0.000|42.699
ObjData_12 = 1817|268.800|305.571|998.240|0.000|-0.400|43.899
ObjData_13 = 19172|272.404|302.120|1000.138|0.000|0.000|-179.599
ObjData_14 = 2103|0.000|0.000|0.000|0.000|0.000|172.699
Arm0 = 5
ArmD0 = 7
ObjData_54 = 0|0.000|0.000|0.000|0.000|0.000|0.000
ObjData_15 = 2103|0.000|0.000|0.000|0.000|0.000|0.000
ObjData_16 = 2779|273.663|305.593|998.218|0.000|0.000|-84.700
ObjData_17 = 2028|268.032|302.480|998.738|4.100|-1.300|-177.400
ObjData_18 = 19173|267.668|302.100|1000.185|0.000|0.000|0.000
ObjData_19 = 2964|272.329|303.710|998.148|0.000|0.000|0.000
ObjData_20 = 1649|0.000|0.000|0.000|0.000|0.000|0.000
ObjData_21 = 19166|274.242|303.688|1000.075|90.100|-94.000|3.199
Arm1 = 48
ArmD1 = 0
Arm2 = 2
ArmD2 = 14
Arm3 = 15
ArmD3 = 1
Arm4 = 68
ArmD4 = 92
ObjData_22 = 1840|268.717|302.436|998.158|0.000|0.000|-124.799
ObjData_23 = 1839|0.000|0.000|0.000|0.000|53.799|178.500
ObjData_24 = 19317|270.157|302.105|1000.219|0.000|51.100|179.900
ObjData_25 = 19317|269.678|302.175|1000.253|4.400|-55.600|176.900
ObjData_26 = 2096|0.000|0.000|0.000|0.000|0.000|0.000
ObjData_27 = 1840|0.000|0.000|0.000|0.000|0.000|0.000
ObjData_28 = 1840|0.000|0.000|0.000|0.000|0.000|0.000
ObjData_29 = 1840|0.000|0.000|0.000|0.000|0.000|0.000
Transferida = 
Arm5 = 101
ArmD5 = 0
Arm6 = 76
ArmD6 = 5
Arm7 = 19
ArmD7 = 0
Arm8 = 17
ArmD8 = 93
