[data]
Nombre = Oficina J&F
Dueño = Jhon_Deloreans
Contraseña = 33161423
Dinero = 0
Precio = 40000
VirtualWorld = 155
Interior = 2
Comprada = true
Cerrada = false
Entrada_x = 2176.491943
Entrada_y = -1828.477905
Entrada_z = 16.140991
Salida_x = 266.499664
Salida_y = 304.954559
Salida_z = 999.148437
Caja_Fuerte_x = 0.000000
Caja_Fuerte_y = 0.000000
Caja_Fuerte_z = 0.000000
Familia = 0
Ropa_0 = 0
Ropa_1 = 0
Ropa_2 = 0
Ropa_3 = 0
Ropa_4 = 0
Ropa_5 = 0
Ropa_6 = 0
Ropa_7 = 0
Ropa_8 = 0
Ropa_9 = 0
Contraseña_puerta = 721
Arma_0 = 24
Arma_1 = 29
Arma_2 = 43
Arma_3 = 0
Arma_4 = 0
Arma_5 = 0
Arma_6 = 0
Arma_7 = 0
Arma_8 = 0
Arma_9 = 0
Bala_0 = 406
Bala_1 = 249
Bala_2 = 40
Bala_3 = 0
Bala_4 = 0
Bala_5 = 0
Bala_6 = 0
Bala_7 = 0
Bala_8 = 0
Bala_9 = 0
ObjData_0 = 2161|267.199|307.911|997.637|0.000|0.000|43.900
ObjData_1 = 2313|269.481|302.130|998.157|-0.100|0.000|-179.899
ObjData_2 = 2165|270.308|307.106|998.087|1.500|-0.199|-179.500
ObjData_3 = 1808|270.656|302.294|998.147|0.000|0.000|-178.299
ObjData_4 = 2316|269.105|301.888|998.998|0.000|0.000|0.000
ObjData_5 = 2316|268.444|301.884|999.428|0.000|0.000|0.000
ObjData_6 = 2120|0.000|0.000|0.000|0.000|-3.399|-85.599
ObjData_7 = 1502|0.000|0.000|0.000|0.000|0.000|-89.799
ObjData_8 = 1502|0.000|0.000|0.000|0.000|0.000|-87.299
ObjData_9 = 2322|0.000|0.000|0.000|0.000|0.000|-177.199
ObjData_10 = 0|0.000|0.000|0.000|0.000|0.000|0.000
ObjData_11 = 2127|0.000|0.000|0.000|0.000|0.000|-89.999
ObjData_12 = 2294|0.000|0.000|0.000|0.000|0.000|-88.899
ObjData_13 = 19387|0.000|0.000|0.000|0.000|0.000|0.000
ObjData_14 = 19357|0.000|0.000|0.000|0.000|0.000|-90.198
ObjData_15 = 19387|0.000|0.000|0.000|0.000|0.000|1.700
ObjData_16 = 2096|0.000|0.000|0.000|9.199|-0.000|178.900
ObjData_17 = 19173|0.000|0.000|0.000|0.000|0.000|91.698
ObjData_18 = 1817|272.692|304.397|998.127|0.000|0.000|-178.699
ObjData_19 = 16779|270.369|307.421|1002.308|0.000|0.000|0.000
ObjData_55 = 0|0.000|0.000|0.000|0.000|0.000|0.000
ObjData_20 = 19430|0.000|0.000|0.000|0.000|0.000|0.000
Arm0 = 0
ArmD0 = 0
Arm1 = 74
ArmD1 = 80
Arm2 = 0
ArmD2 = 0
Arm3 = 0
ArmD3 = 0
Arm4 = 0
ArmD4 = 0
Arm5 = 0
ArmD5 = 0
Arm7 = 0
ArmD7 = 0
Arm8 = 0
ArmD8 = 0
Arm11 = 0
ArmD11 = 0
Arm10 = 0
ArmD10 = 0
ObjData_21 = 2120|0.000|0.000|0.000|0.000|0.000|0.000
ObjData_22 = 1724|269.274|305.350|998.127|0.000|0.000|154.199
ObjData_23 = 1705|269.153|308.384|998.144|0.000|0.000|0.000
ObjData_24 = 1702|0.000|0.000|0.000|0.000|0.000|178.200
ObjData_25 = 2161|267.201|307.892|996.797|0.000|0.000|43.399
ObjData_26 = 1702|0.000|0.000|0.000|0.000|0.000|0.000
ObjData_27 = 1724|271.426|305.762|998.138|0.000|0.000|-150.199
ObjData_28 = 1753|273.933|302.504|998.147|0.000|0.000|179.999
ObjData_29 = 1753|273.865|304.104|998.147|0.000|0.000|-89.399
ObjData_30 = 16779|0.000|0.000|0.000|0.000|0.000|3.900
ObjData_31 = 2316|268.442|301.883|998.978|1.899|0.000|0.100
ObjData_32 = 19172|274.167|303.900|1001.058|0.000|0.000|-91.800
ObjData_33 = 2316|269.100|301.891|999.428|0.000|0.000|0.000
ObjData_34 = 1649|0.000|0.000|0.000|0.000|0.000|0.000
ObjData_35 = 1840|267.878|302.026|998.687|0.000|0.000|-90.700
ObjData_36 = 1742|274.393|305.886|998.117|0.000|0.000|-89.599
ObjData_37 = 1840|269.682|302.024|998.687|0.000|0.000|-90.400
Arm6 = 0
ArmD6 = 0
Arm9 = 0
ArmD9 = 0
Transferida = Jhon_Deloreans
