[data]
Nombre = Departameto · 44
Dueño = Luis_Ramos
Contraseña = 34341073
Dinero = 0
Precio = 27000
VirtualWorld = 156
Interior = 2
Comprada = true
Cerrada = true
Entrada_x = 2176.492675
Entrada_y = -1821.648437
Entrada_z = 16.145996
Salida_x = 266.499664
Salida_y = 304.954559
Salida_z = 999.148437
Caja_Fuerte_x = 0.000000
Caja_Fuerte_y = 0.000000
Caja_Fuerte_z = 0.000000
Familia = 0
Ropa_0 = 0
Ropa_1 = 0
Ropa_2 = 0
Ropa_3 = 0
Ropa_4 = 0
Ropa_5 = 0
Ropa_6 = 0
Ropa_7 = 0
Ropa_8 = 0
Ropa_9 = 0
Contraseña_puerta = 1234
ObjData_0 = 19357|272.680|305.309|999.878|0.000|0.000|-89.499
ObjData_1 = 2525|272.433|302.567|998.138|0.000|0.000|-175.300
ObjData_2 = 2524|273.765|302.993|998.135|0.000|0.000|-90.698
ObjData_3 = 19387|271.252|303.710|999.878|0.000|0.000|-177.100
ObjData_4 = 2526|273.816|303.570|998.087|0.000|0.000|90.000
ObjData_5 = 1502|271.181|304.458|998.108|0.000|0.000|-87.200
ObjData_6 = 2069|272.792|308.161|998.168|0.000|0.000|0.000
ObjData_7 = 2135|266.707|302.467|998.098|0.000|0.000|-179.700
ObjData_8 = 1828|272.433|306.326|998.128|0.000|0.000|-1.800
ObjData_9 = 2115|270.081|308.373|998.117|0.000|0.000|0.000
ObjData_10 = 2120|268.529|308.407|998.728|0.000|0.000|-173.499
ObjData_11 = 2120|0.000|0.000|0.000|0.000|0.000|99.699
ObjData_12 = 2120|0.000|0.000|0.000|0.000|0.000|45.199
ObjData_13 = 2120|0.000|0.000|0.000|0.000|0.000|-43.600
ObjData_14 = 1724|270.690|305.469|998.178|0.099|0.000|-173.800
Arma_0 = 0
Arma_1 = 30
Arma_2 = 0
Arma_3 = 0
Arma_4 = 0
Arma_5 = 0
Arma_6 = 0
Arma_7 = 0
Arma_8 = 0
Arma_9 = 0
Bala_0 = 0
Bala_1 = 100
Bala_2 = 0
Bala_3 = 0
Bala_4 = 0
Bala_5 = 0
Bala_6 = 0
Bala_7 = 0
Bala_8 = 0
Bala_9 = 0
ObjData_56 = 0|0.000|0.000|0.000|0.000|0.000|0.000
ObjData_15 = 2140|0.000|0.000|0.000|1.299|-90.098|-179.899
ObjData_16 = 2137|267.752|302.693|998.187|0.000|0.000|-179.899
ObjData_17 = 2136|270.781|302.640|998.038|0.000|0.000|-179.800
ObjData_18 = 2149|270.658|302.500|999.208|0.000|0.000|-156.599
ObjData_19 = 19172|272.732|305.404|1000.208|0.000|0.000|-179.500
ObjData_20 = 2141|268.737|302.468|998.098|0.000|0.000|178.799
ObjData_21 = 2103|270.397|307.907|998.330|0.000|-0.799|-0.400
ObjData_22 = 19317|267.230|307.157|998.958|0.000|0.000|30.599
ObjData_23 = 2301|271.275|306.837|998.108|0.000|0.000|-88.199
ObjData_24 = 2316|0.000|0.000|0.000|-2.800|-4.099|-3.700
ObjData_25 = 16779|270.014|306.108|1001.819|0.000|0.000|0.000
ObjData_26 = 19166|0.000|0.000|0.000|2.600|0.300|89.900
ObjData_27 = 2322|270.380|308.463|999.234|-1.699|-0.299|-3.400
ObjData_28 = 1208|267.739|302.602|998.217|0.000|0.000|0.000
ObjData_29 = 2028|271.121|308.343|998.995|0.000|0.000|0.000
ObjData_30 = 2202|0.000|0.000|0.000|0.000|0.000|0.000
ObjData_31 = 2165|267.113|306.908|998.280|-0.300|-0.399|47.200
Arm0 = 37
ArmD0 = 2
Arm1 = 18
ArmD1 = 1
Arm2 = 116
ArmD2 = 1
Arm3 = 54
ArmD3 = 2
Arm9 = 102
ArmD9 = 0
Arm4 = 104
ArmD4 = 0
Arm5 = 85
ArmD5 = 1
ObjData_32 = 1738|271.845|305.078|998.755|0.000|0.000|0.000
Arm6 = 104
ArmD6 = 0
Arm7 = 104
ArmD7 = 0
Arm8 = 104
ArmD8 = 0
Arm10 = 102
ArmD10 = 0
Transferida = 
Arm11 = 17
ArmD11 = 100
