[data]
Nombre = La quinta base
Dueño = Ivo_Crocetti
Contraseña = 0
Dinero = 0
Precio = 27000
VirtualWorld = 157
Interior = 2
Comprada = true
Cerrada = false
Entrada_x = 2164.820312
Entrada_y = -1819.696655
Entrada_z = 16.140625
Salida_x = 266.499664
Salida_y = 304.954559
Salida_z = 999.148437
Caja_Fuerte_x = 0.000000
Caja_Fuerte_y = 0.000000
Caja_Fuerte_z = 0.000000
Familia = 0
Ropa_0 = 0
Ropa_1 = 0
Ropa_2 = 0
Ropa_3 = 0
Ropa_4 = 0
Ropa_5 = 0
Ropa_6 = 0
Ropa_7 = 0
Ropa_8 = 0
Ropa_9 = 0
Contraseña_puerta = 1946
Transferida = 
Arm0 = 0
ArmD0 = 0
ObjData_0 = 2312|269.580|302.550|999.058|0.000|0.100|-176.500
ObjData_1 = 2313|269.654|302.540|998.154|-1.200|-0.499|-178.399
ObjData_2 = 19172|274.141|304.507|1000.665|0.000|0.000|-91.299
ObjData_3 = 2298|270.272|305.794|998.155|0.000|0.000|-92.099
ObjData_4 = 16779|269.748|305.426|1002.138|0.000|0.000|0.000
ObjData_5 = 1723|269.177|308.563|998.157|0.000|0.000|0.000
ObjData_6 = 2268|269.254|302.583|999.688|0.000|0.000|-177.800
ObjData_7 = 2779|267.576|307.596|998.128|0.000|0.000|46.299
ObjData_8 = 2103|268.462|302.569|998.676|0.000|0.000|-172.299
ObjData_57 = 0|0.000|0.000|0.000|0.000|0.000|0.000
