[data]
Nombre = .......
Dueño = Marcos_Nogueira
Contraseña = 0
Dinero = 0
Precio = 27000
VirtualWorld = 158
Interior = 2
Comprada = true
Cerrada = true
Entrada_x = 2158.364501
Entrada_y = -1819.695800
Entrada_z = 16.140625
Salida_x = 266.499664
Salida_y = 304.954559
Salida_z = 999.148437
Caja_Fuerte_x = 0.000000
Caja_Fuerte_y = 0.000000
Caja_Fuerte_z = 0.000000
Familia = 0
Ropa_0 = 0
Ropa_1 = 0
Ropa_2 = 0
Ropa_3 = 0
Ropa_4 = 0
Ropa_5 = 0
Ropa_6 = 0
Ropa_7 = 0
Ropa_8 = 0
Ropa_9 = 0
Contraseña_puerta = 7691
Arma_0 = 0
Arma_1 = 0
Arma_2 = 0
Arma_3 = 0
Arma_4 = 0
Arma_5 = 0
Arma_6 = 0
Arma_7 = 0
Arma_8 = 0
Arma_9 = 0
Bala_0 = 0
Bala_1 = 0
Bala_2 = 0
Bala_3 = 0
Bala_4 = 0
Bala_5 = 0
Bala_6 = 0
Bala_7 = 0
Bala_8 = 0
Bala_9 = 0
ObjData_0 = 16779|269.663|305.986|1002.209|0.000|0.000|0.000
ObjData_1 = 2301|270.180|305.747|998.223|0.000|0.300|-50.099
ObjData_2 = 19317|273.181|307.880|998.925|0.000|0.000|-44.100
ObjData_3 = 1723|269.328|308.406|998.196|0.000|3.100|0.899
ObjData_4 = 1839|267.389|307.701|998.135|0.000|0.000|135.300
ObjData_5 = 1840|268.209|308.668|998.167|0.000|0.000|132.399
ObjData_6 = 1840|272.769|308.198|998.157|0.000|0.000|43.099
Transferida = 
