[data]
Nombre = Mato house
Dueño = Matias_Baccola
Contraseña = 100008312
Dinero = 0
Precio = 27000
VirtualWorld = 162
Interior = 2
Comprada = true
Cerrada = false
Entrada_x = 2140.928222
Entrada_y = -1801.938964
Entrada_z = 16.147472
Salida_x = 266.499664
Salida_y = 304.954559
Salida_z = 999.148437
Caja_Fuerte_x = 0.000000
Caja_Fuerte_y = 0.000000
Caja_Fuerte_z = 0.000000
Familia = 0
Ropa_0 = 0
Ropa_1 = 0
Ropa_2 = 0
Ropa_3 = 0
Ropa_4 = 0
Ropa_5 = 0
Ropa_6 = 0
Ropa_7 = 0
Ropa_8 = 0
Ropa_9 = 0
Contraseña_puerta = 4567
ObjData_0 = 2167|274.190|303.926|998.158|0.000|0.000|-86.299
ObjData_1 = 2165|271.947|308.354|998.177|0.000|0.000|-23.799
ObjData_2 = 2356|272.228|307.767|998.135|0.000|0.000|-21.200
ObjData_3 = 1724|267.424|302.861|998.117|0.000|0.000|147.899
ObjData_4 = 16779|269.059|304.226|1002.218|0.000|0.000|0.000
ObjData_5 = 1724|272.344|303.248|998.110|0.000|0.900|-139.399
ObjData_6 = 19357|270.255|305.830|999.905|0.000|0.000|-90.999
ObjData_7 = 19357|270.213|305.835|1003.357|0.000|0.000|88.700
ObjData_8 = 19357|273.318|305.751|1003.295|0.000|0.000|88.199
ObjData_9 = 2964|0.000|0.000|0.000|-0.599|4.200|-176.299
ObjData_10 = 19387|272.705|305.768|999.908|0.000|0.000|88.300
ObjData_11 = 2313|268.948|305.388|998.198|0.000|0.000|-1.700
ObjData_12 = 2525|267.993|308.018|998.137|0.000|-1.899|-9.499
ObjData_13 = 1502|266.980|305.911|998.148|0.000|0.000|-2.199
ObjData_14 = 1724|270.850|305.233|998.105|0.000|0.000|-1.800
ObjData_15 = 1817|268.919|303.434|998.116|0.000|0.000|0.000
ObjData_16 = 2298|272.551|306.710|998.174|-0.200|-0.499|90.699
ObjData_17 = 1723|270.425|302.645|998.175|0.000|0.000|179.599
ObjData_18 = 19173|0.000|0.000|0.000|0.000|0.000|0.000
ObjData_19 = 2527|267.523|306.408|998.112|0.000|-0.599|87.100
ObjData_20 = 1828|270.191|304.100|998.124|0.000|0.000|0.000
ObjData_21 = 0|0.000|0.000|0.000|0.000|0.000|0.000
ObjData_22 = 0|0.000|0.000|0.000|0.000|0.000|0.000
ObjData_23 = 0|0.000|0.000|0.000|0.000|0.000|0.000
ObjData_24 = 0|0.000|0.000|0.000|0.000|0.000|0.000
ObjData_25 = 2312|269.597|305.278|999.088|0.000|0.000|0.100
ObjData_26 = 2141|273.821|305.080|998.127|0.000|0.000|-86.599
ObjData_27 = 19387|267.727|305.906|999.905|0.000|0.000|-92.200
ObjData_28 = 19357|267.036|305.907|1003.298|0.000|0.800|-91.999
ObjData_29 = 2103|273.998|303.918|999.675|0.000|0.000|-85.499
ObjData_30 = 19357|268.448|307.362|999.902|0.099|0.100|-175.400
ObjData_31 = 0|0.000|0.000|0.000|0.000|0.000|0.000
ObjData_32 = 0|0.000|0.000|0.000|0.000|0.000|0.000
ObjData_33 = 0|0.000|0.000|0.000|0.000|0.000|0.000
ObjData_34 = 0|0.000|0.000|0.000|0.000|0.000|0.000
ObjData_35 = 0|0.000|0.000|0.000|0.000|0.000|0.000
ObjData_36 = 0|0.000|0.000|0.000|0.000|0.000|0.000
ObjData_37 = 0|0.000|0.000|0.000|0.000|0.000|0.000
ObjData_38 = 19357|268.432|307.404|1003.171|0.799|0.300|4.600
Arma_0 = 0
Arma_1 = 29
Arma_2 = 29
Arma_3 = 29
Arma_4 = 31
Arma_5 = 31
Arma_6 = 31
Arma_7 = 0
Arma_8 = 0
Arma_9 = 0
Bala_0 = 0
Bala_1 = 450
Bala_2 = 302
Bala_3 = 734
Bala_4 = 240
Bala_5 = 240
Bala_6 = 240
Bala_7 = 0
Bala_8 = 0
Bala_9 = 0
ObjData_39 = 0|0.000|0.000|0.000|0.000|0.000|0.000
ObjData_40 = 0|0.000|0.000|0.000|0.000|0.000|0.000
ObjData_41 = 0|0.000|0.000|0.000|0.000|0.000|0.000
ObjData_42 = 0|0.000|0.000|0.000|0.000|0.000|0.000
ObjData_43 = 1502|273.454|305.783|998.148|0.000|0.000|177.399
ObjData_44 = 0|0.000|0.000|0.000|0.000|0.000|0.000
ObjData_62 = 0|0.000|0.000|0.000|0.000|0.000|0.000
ObjData_45 = 0|0.000|0.000|0.000|0.000|0.000|0.000
Arm0 = 6
ArmD0 = 4
Arm1 = 26
ArmD1 = 0
Arm2 = 75
ArmD2 = 21
Arm3 = 76
ArmD3 = 20
Arm4 = 68
ArmD4 = 36
Arm5 = 114
ArmD5 = 65
Arm6 = 2
ArmD6 = 0
Arm7 = 0
ArmD7 = 0
Arm8 = 0
ArmD8 = 0
Arm9 = 0
ArmD9 = 0
Arm10 = 0
ArmD10 = 0
Arm11 = 0
ArmD11 = 0
Transferida = 
