[data]
Nombre = [MM]
Dueño = Makko_Mabkley
Contraseña = 830932521
Dinero = 1643
Precio = 27000
VirtualWorld = 163
Interior = 2
Comprada = true
Cerrada = true
Entrada_x = 2145.030029
Entrada_y = -1801.775390
Entrada_z = 16.140625
Salida_x = 266.499664
Salida_y = 304.954559
Salida_z = 999.148437
Caja_Fuerte_x = 0.000000
Caja_Fuerte_y = 0.000000
Caja_Fuerte_z = 0.000000
Familia = 0
Ropa_0 = 0
Ropa_1 = 0
Ropa_2 = 0
Ropa_3 = 0
Ropa_4 = 0
Ropa_5 = 0
Ropa_6 = 0
Ropa_7 = 0
Ropa_8 = 0
Ropa_9 = 0
Contraseña_puerta = 3140
ObjData_0 = 1828|271.150|306.175|998.138|0.000|0.000|0.000
ObjData_1 = 2028|273.968|304.288|999.006|0.000|0.000|-92.100
ObjData_2 = 1744|273.164|301.963|999.737|5.197|-0.699|-178.600
ObjData_3 = 19356|269.148|302.122|999.875|-0.500|0.000|-7.800
ObjData_4 = 2527|266.837|303.582|998.186|0.000|0.000|-179.899
ObjData_5 = 2299|270.759|303.578|998.103|0.000|0.000|-90.199
ObjData_6 = 2161|270.068|308.953|998.138|-0.800|-0.499|0.000
ObjData_7 = 16779|270.380|306.058|1002.268|0.000|0.000|0.000
ObjData_8 = 2103|270.215|308.809|999.508|-0.100|-0.398|0.999
ObjData_9 = 2312|271.144|303.692|1000.951|1.399|-0.300|92.899
ObjData_10 = 19386|267.802|303.794|999.879|0.000|0.000|83.799
ObjData_11 = 1502|267.019|303.905|998.200|0.298|-0.001|-5.699
Arma_0 = 22
Arma_1 = 23
Arma_2 = 24
Arma_3 = 25
Arma_4 = 27
Arma_5 = 29
Arma_6 = 31
Arma_7 = 30
Arma_8 = 34
Arma_9 = 41
Bala_0 = 209
Bala_1 = 169
Bala_2 = 158
Bala_3 = 210
Bala_4 = 212
Bala_5 = 754
Bala_6 = 410
Bala_7 = 408
Bala_8 = 120
Bala_9 = 500
ObjData_12 = 2165|273.782|305.510|998.139|-1.299|0.000|-90.699
ObjData_13 = 2356|273.334|305.173|998.156|0.000|0.000|-130.098
ObjData_14 = 1705|266.870|305.996|998.134|0.000|0.000|83.499
ObjData_15 = 1705|267.485|307.636|998.103|0.197|-2.100|27.000
ObjData_16 = 19357|271.010|304.555|999.862|0.300|-0.100|0.000
ObjData_17 = 19317|273.288|306.266|998.907|-12.000|-1.100|-55.001
ObjData_18 = 2069|267.111|307.404|998.178|1.200|0.600|-169.198
ObjData_63 = 0|0.000|0.000|0.000|0.000|0.000|0.000
ObjData_19 = 2525|267.773|302.583|998.153|0.000|0.000|-179.699
ObjData_20 = 1755|272.612|308.085|998.130|0.500|-0.400|-46.300
ObjData_21 = 1744|271.661|304.085|1000.208|0.000|0.000|-90.799
ObjData_22 = 19172|0.000|0.000|0.000|0.000|0.000|0.000
ObjData_23 = 19173|270.919|305.949|1001.247|0.000|0.000|90.000
ObjData_24 = 1409|268.522|301.990|997.594|0.000|0.000|0.000
ObjData_25 = 19387|271.014|307.629|999.879|0.000|0.000|0.000
ObjData_26 = 2165|0.000|0.000|0.000|0.000|0.000|0.000
ObjData_27 = 1502|270.968|308.416|998.127|0.000|0.000|-88.599
ObjData_28 = 19354|270.996|303.268|999.849|0.000|0.000|0.000
ObjData_29 = 0|0.000|0.000|0.000|0.000|0.000|0.000
ObjData_30 = 0|0.000|0.000|0.000|0.000|0.000|0.000
ObjData_31 = 0|0.000|0.000|0.000|0.000|0.000|0.000
ObjData_32 = 0|0.000|0.000|0.000|0.000|0.000|0.000
Arm0 = 0
ArmD0 = 0
Arm1 = 0
ArmD1 = 0
Arm2 = 0
ArmD2 = 0
Arm3 = 0
ArmD3 = 0
Arm4 = 0
ArmD4 = 0
Arm5 = 0
ArmD5 = 0
Arm6 = 0
ArmD6 = 0
Arm7 = 0
ArmD7 = 0
Arm8 = 0
ArmD8 = 0
Transferida = Makko_Mabkley
Arm9 = 0
ArmD9 = 0
Arm10 = 0
ArmD10 = 0
Arm11 = 0
ArmD11 = 0
