[data]
Nombre = La Venta Der Navo
Dueño = Joe_Algarrobo
Contraseña = 33489099
Dinero = 0
Precio = 40000
VirtualWorld = 169
Interior = 2
Comprada = true
Cerrada = true
Entrada_x = 2498.544189
Entrada_y = -1642.253784
Entrada_z = 14.113080
Salida_x = 266.499664
Salida_y = 304.954559
Salida_z = 999.148437
Caja_Fuerte_x = 0.000000
Caja_Fuerte_y = 0.000000
Caja_Fuerte_z = 0.000000
Familia = 0
Ropa_0 = 0
Ropa_1 = 0
Ropa_2 = 0
Ropa_3 = 0
Ropa_4 = 0
Ropa_5 = 0
Ropa_6 = 0
Ropa_7 = 0
Ropa_8 = 0
Ropa_9 = 0
Contraseña_puerta = 9801
ObjData_0 = 1723|273.787|304.711|998.084|0.000|0.000|177.099
ObjData_1 = 1723|271.733|306.853|998.135|0.000|0.000|0.000
ObjData_2 = 2165|267.682|302.583|998.137|0.000|0.000|-177.500
ObjData_3 = 2964|0.000|0.000|0.000|0.000|0.000|0.000
ObjData_4 = 2322|271.261|308.580|999.268|0.000|0.000|0.000
ObjData_5 = 2316|269.086|302.405|999.368|0.000|0.000|-173.300
ObjData_6 = 1839|274.242|305.461|999.938|0.000|0.000|0.000
ObjData_7 = 1840|273.939|304.813|999.965|0.000|0.000|0.000
ObjData_8 = 1840|274.047|306.128|1000.016|0.000|0.000|0.000
ObjData_9 = 2779|266.923|306.828|998.154|0.000|0.000|58.899
Arma_0 = 0
Arma_1 = 5
Arma_2 = 41
Arma_3 = 32
Arma_4 = 30
Arma_5 = 0
Arma_6 = 27
Arma_7 = 0
Arma_8 = 0
Arma_9 = 22
Bala_0 = 0
Bala_1 = 1
Bala_2 = 302
Bala_3 = 132
Bala_4 = 127
Bala_5 = 0
Bala_6 = 70
Bala_7 = 0
Bala_8 = 0
Bala_9 = 157
ObjData_69 = 0|0.000|0.000|0.000|0.000|0.000|0.000
ObjData_10 = 1803|0.000|0.000|0.000|0.000|0.000|0.000
ObjData_11 = 2301|268.380|305.026|998.158|0.600|1.700|2.100
ObjData_12 = 2149|270.493|308.604|999.125|0.000|0.000|0.000
ObjData_13 = 2299|269.717|308.850|998.165|0.000|0.000|0.000
ObjData_14 = 1744|274.369|305.917|999.620|-4.600|0.499|-93.500
ObjData_15 = 2115|270.708|308.809|998.185|0.000|0.000|0.000
ObjData_16 = 2167|271.987|308.879|998.533|0.000|-90.100|0.299
ObjData_17 = 16779|270.068|305.482|1002.217|0.000|0.000|0.000
ObjData_18 = 2356|267.401|303.803|998.169|0.000|0.000|-139.199
ObjData_19 = 2086|269.083|302.859|998.538|0.000|0.000|0.000
ObjData_20 = 19166|269.250|302.280|1000.724|92.099|-3.299|-177.599
ObjData_21 = 19173|274.068|305.786|1001.050|0.100|1.400|82.099
ObjData_22 = 2069|271.087|304.853|998.208|0.000|0.000|0.000
ObjData_23 = 2121|270.460|302.752|998.628|0.000|0.000|-100.499
ObjData_24 = 16779|0.000|0.000|0.000|0.000|0.000|0.000
ObjData_25 = 1705|0.000|0.000|0.000|0.299|-1.700|-174.499
ObjData_26 = 1702|0.000|0.000|0.000|0.000|0.000|-177.399
ObjData_27 = 19317|272.548|307.849|998.917|-3.199|0.800|-33.900
ObjData_28 = 1828|272.735|305.835|998.163|0.000|0.000|0.000
Arm0 = 5
ArmD0 = 1
ObjData_29 = 2525|273.274|302.595|998.148|0.000|0.000|-167.099
ObjData_30 = 2524|272.567|302.689|998.140|-0.499|0.000|-172.300
ObjData_31 = 1828|268.530|304.078|998.140|0.000|0.000|0.000
ObjData_32 = 19172|272.563|304.324|999.862|0.000|0.000|-178.199
ObjData_33 = 19354|272.756|304.172|999.805|0.000|0.000|88.900
ObjData_34 = 1502|271.175|304.225|998.158|0.000|0.000|-89.499
ObjData_35 = 19427|271.337|301.793|999.880|0.000|0.000|0.000
Arm1 = 0
ArmD1 = 0
Arm2 = 76
ArmD2 = 0
ObjData_36 = 19446|271.326|299.453|1002.266|0.000|0.000|0.000
ObjData_37 = 1808|274.059|305.731|998.148|0.000|0.000|-93.299
ObjData_38 = 2069|270.918|306.848|998.215|0.000|0.000|0.000
Arm3 = 0
ArmD3 = 0
Arm4 = 75
ArmD4 = 30
Arm5 = 73
ArmD5 = 65
Arm6 = 0
ArmD6 = 0
Arm7 = 75
ArmD7 = 30
Arm8 = 0
ArmD8 = 0
Arm9 = 103
ArmD9 = 0
Arm10 = 0
ArmD10 = 0
Transferida = Joe_Algarrobo
Arm11 = 0
ArmD11 = 0
