[data]
Nombre = --Kevin House--
Dueño = Kevin_Romero
Contraseña = 0
Dinero = 0
Precio = 55000
VirtualWorld = 173
Interior = 1
Comprada = true
Cerrada = false
Entrada_x = 2413.843750
Entrada_y = -1646.786743
Entrada_z = 14.011916
Salida_x = 223.414306
Salida_y = 1273.432006
Salida_z = 1082.140014
Caja_Fuerte_x = 0.000000
Caja_Fuerte_y = 0.000000
Caja_Fuerte_z = 0.000000
Familia = 0
Ropa_0 = 0
Ropa_1 = 0
Ropa_2 = 0
Ropa_3 = 0
Ropa_4 = 0
Ropa_5 = 0
Ropa_6 = 0
Ropa_7 = 0
Ropa_8 = 0
Ropa_9 = 0
Contraseña_puerta = 1324
ObjData_0 = 2298|229.759|1274.085|1081.136|0.000|0.000|0.000
ObjData_1 = 19173|225.833|1272.800|1083.068|0.000|0.000|0.000
ObjData_2 = 2298|0.000|0.000|0.000|0.000|0.000|0.000
ObjData_3 = 2141|217.038|1279.499|1081.116|0.000|0.000|92.499
ObjData_4 = 2322|231.506|1271.685|1083.005|-1.700|1.100|-175.798
ObjData_5 = 2134|0.000|0.000|0.000|0.000|0.000|0.000
ObjData_6 = 2069|216.986|1278.556|1081.186|0.000|0.000|0.000
ObjData_7 = 2525|218.623|1275.963|1081.126|0.000|0.000|0.000
ObjData_8 = 2527|217.347|1274.882|1081.146|0.000|0.000|0.000
ObjData_9 = 2524|217.391|1273.282|1081.096|0.000|0.000|90.399
ObjData_10 = 2137|218.842|1277.205|1081.199|0.000|0.000|-179.800
ObjData_11 = 2136|220.825|1277.200|1081.206|0.000|0.000|179.700
ObjData_12 = 2137|217.858|1277.203|1081.197|0.000|0.000|179.000
ObjData_13 = 2165|233.973|1276.520|1081.144|2.499|-0.399|-89.899
ObjData_14 = 2069|228.836|1277.675|1081.186|0.000|0.000|0.000
ObjData_15 = 1502|221.373|1278.527|1081.099|0.000|0.000|90.699
ObjData_16 = 1502|227.818|1276.667|1081.112|-0.299|0.000|-90.900
ObjData_17 = 1502|219.263|1273.005|1081.088|-0.100|-0.699|85.200
Arma_0 = 27
Arma_1 = 24
Arma_2 = 30
Arma_3 = 30
Arma_4 = 0
Arma_5 = 0
Arma_6 = 0
Arma_7 = 0
Arma_8 = 0
Arma_9 = 0
Bala_0 = 199
Bala_1 = 207
Bala_2 = 70
Bala_3 = 100
Bala_4 = 0
Bala_5 = 0
Bala_6 = 0
Bala_7 = 0
Bala_8 = 0
Bala_9 = 0
ObjData_18 = 1723|224.291|1279.472|1081.112|-0.199|0.397|-2.499
ObjData_19 = 1724|223.237|1277.739|1081.041|0.899|0.200|88.599
ObjData_20 = 1724|227.096|1278.157|1081.118|0.000|0.799|-88.297
ObjData_21 = 1817|224.687|1277.176|1081.127|0.298|0.499|-3.096
ObjData_73 = 0|0.000|0.000|0.000|0.000|0.000|0.000
ObjData_22 = 1742|228.263|1272.865|1081.175|-0.800|-0.600|89.300
ObjData_23 = 2356|233.159|1275.977|1081.155|0.799|-2.000|-92.200
ObjData_24 = 2161|227.717|1273.976|1082.485|0.300|-0.500|-89.299
ObjData_25 = 1828|231.277|1273.628|1081.108|0.000|0.000|0.000
ObjData_26 = 16779|223.456|1275.078|1084.568|0.000|0.000|0.000
ObjData_27 = 1839|234.240|1273.507|1082.668|0.000|0.000|0.000
ObjData_28 = 2167|234.423|1273.460|1081.125|-0.899|-0.799|-91.000
Arm0 = 0
ArmD0 = 0
Arm1 = 0
ArmD1 = 0
Arm2 = 0
ArmD2 = 0
Arm3 = 0
ArmD3 = 0
Arm4 = 0
ArmD4 = 0
Arm5 = 0
ArmD5 = 0
Arm6 = 0
ArmD6 = 0
Arm7 = 0
ArmD7 = 0
ObjData_29 = 19430|0.000|0.000|0.000|0.000|0.000|89.799
ObjData_30 = 19354|0.000|0.000|0.000|0.000|0.000|0.000
ObjData_31 = 19384|0.000|0.000|0.000|0.000|0.000|0.000
ObjData_32 = 19449|0.000|0.000|0.000|0.000|0.000|-0.299
ObjData_33 = 19446|0.000|0.000|0.000|0.000|0.000|0.000
ObjData_34 = 19446|0.000|0.000|0.000|0.000|0.000|0.000
ObjData_35 = 19357|0.000|0.000|0.000|0.000|0.000|0.000
Arm8 = 0
ArmD8 = 0
Arm9 = 0
ArmD9 = 0
Arm10 = 0
ArmD10 = 0
Transferida = 
