[data]
Nombre = GROOVE STREET PASION
Dueño = Leo_Duarte
Contraseña = 35324122
Dinero = 0
Precio = 55000
VirtualWorld = 175
Interior = 1
Comprada = true
Cerrada = true
Entrada_x = 2393.189697
Entrada_y = -1646.033447
Entrada_z = 13.905097
Salida_x = 223.414306
Salida_y = 1273.432006
Salida_z = 1082.140014
Caja_Fuerte_x = 0.000000
Caja_Fuerte_y = 0.000000
Caja_Fuerte_z = 0.000000
Familia = 0
Ropa_0 = 0
Ropa_1 = 0
Ropa_2 = 0
Ropa_3 = 0
Ropa_4 = 0
Ropa_5 = 0
Ropa_6 = 0
Ropa_7 = 0
Ropa_8 = 0
Ropa_9 = 0
Contraseña_puerta = 1302
ObjData_0 = 2165|0.000|0.000|0.000|0.000|0.000|89.799
ObjData_1 = 2527|0.000|0.000|0.000|0.000|0.000|0.000
ObjData_2 = 2299|0.000|0.000|0.000|0.000|0.000|0.000
ObjData_3 = 2525|0.000|0.000|0.000|0.699|-1.399|89.300
ObjData_4 = 2161|0.000|0.000|0.000|0.000|0.000|89.399
ObjData_5 = 1208|0.000|0.000|0.000|1.598|1.098|1.998
ObjData_6 = 2524|0.000|0.000|0.000|0.000|0.000|87.198
ObjData_7 = 1502|0.000|0.000|0.000|-1.299|-0.200|-88.699
ObjData_8 = 1502|0.000|0.000|0.000|0.000|0.000|90.698
ObjData_9 = 1502|0.000|0.000|0.000|0.000|0.000|-85.599
ObjData_10 = 2322|0.000|0.000|0.000|0.000|-0.699|-179.300
ObjData_11 = 2313|0.000|0.000|0.000|0.000|0.000|-178.598
ObjData_12 = 1764|0.000|0.000|0.000|0.000|0.000|0.000
ObjData_13 = 1828|0.000|0.000|0.000|0.000|0.000|0.000
ObjData_14 = 2028|0.000|0.000|0.000|0.000|-3.398|-176.098
ObjData_15 = 2149|0.000|0.000|0.000|0.000|0.000|-176.300
ObjData_16 = 2030|0.000|0.000|0.000|0.000|0.000|0.000
ObjData_17 = 2120|0.000|0.000|0.000|0.000|0.000|90.500
ObjData_18 = 2120|0.000|0.000|0.000|0.000|0.000|132.800
ObjData_19 = 2069|0.000|0.000|0.000|0.000|0.000|0.000
ObjData_20 = 2069|0.000|0.000|0.000|0.000|0.000|0.000
ObjData_21 = 2141|0.000|0.000|0.000|-0.898|0.000|177.399
ObjData_22 = 2132|0.000|0.000|0.000|0.000|0.000|-178.399
ObjData_23 = 2167|0.000|0.000|0.000|0.000|0.000|-90.299
ObjData_24 = 2526|0.000|0.000|0.000|0.000|0.000|0.000
ObjData_25 = 1840|221.921|1279.838|1083.240|0.000|0.000|90.599
ObjData_26 = 1840|221.910|1279.763|1081.997|0.000|0.000|91.599
ObjData_27 = 1839|0.000|0.000|0.000|0.000|0.000|179.199
ObjData_28 = 19172|0.000|0.000|0.000|0.000|0.000|-89.799
ObjData_29 = 2779|0.000|0.000|0.000|0.000|0.000|-179.399
ObjData_30 = 1705|0.000|0.000|0.000|0.000|0.000|-178.300
ObjData_31 = 2356|0.000|0.000|0.000|0.000|0.000|83.099
ObjData_32 = 2132|0.000|0.000|0.000|0.000|0.000|-178.300
ObjData_33 = 2313|0.000|0.000|0.000|0.000|0.000|-178.998
ObjData_34 = 2316|0.000|0.000|0.000|0.000|0.000|-176.699
ObjData_35 = 1409|0.000|0.000|0.000|0.000|0.000|92.099
ObjData_36 = 19173|0.000|0.000|0.000|0.000|0.000|0.000
ObjData_37 = 1738|0.000|0.000|0.000|0.000|0.000|-90.698
Arma_0 = 24
Arma_1 = 4
Arma_2 = 22
Arma_3 = 0
Arma_4 = 0
Arma_5 = 0
Arma_6 = 0
Arma_7 = 0
Arma_8 = 0
Arma_9 = 0
Bala_0 = 142
Bala_1 = 2000
Bala_2 = 10285
Bala_3 = 0
Bala_4 = 0
Bala_5 = 0
Bala_6 = 0
Bala_7 = 0
Bala_8 = 0
Bala_9 = 0
Arm0 = 0
ArmD0 = 0
Arm1 = 0
ArmD1 = 0
Arm2 = 14
ArmD2 = 1500
Arm3 = 0
ArmD3 = 0
Arm4 = 85
ArmD4 = 2
Arm5 = 0
ArmD5 = 0
Arm6 = 0
ArmD6 = 0
Arm7 = 0
ArmD7 = 0
Arm8 = 0
ArmD8 = 0
Arm9 = 0
ArmD9 = 0
Arm10 = 0
ArmD10 = 0
Arm11 = 0
ArmD11 = 0
Transferida = Leo_Duarte
ObjData_38 = 2255|0.000|0.000|0.000|0.000|0.000|0.000
ObjData_39 = 1649|0.000|0.000|0.000|0.000|0.000|0.000
ObjData_40 = 1840|227.295|1279.802|1083.201|0.000|0.299|91.900
ObjData_41 = 1840|227.315|1279.784|1081.929|0.000|0.000|90.800
ObjData_42 = 19400|0.000|0.000|0.000|0.399|0.000|-178.299
ObjData_43 = 1723|0.000|0.000|0.000|0.000|0.000|0.000
ObjData_44 = 1724|0.000|0.000|0.000|0.000|0.000|0.000
ObjData_45 = 1724|0.000|0.000|0.000|0.000|0.000|0.000
ObjData_46 = 0|0.000|0.000|0.000|0.000|0.000|0.000
