[data]
Nombre = Abusmele House
Dueño = Cristian_Abusmele
Contraseña = 0
Dinero = 0
Precio = 65000
VirtualWorld = 182
Interior = 1
Comprada = true
Cerrada = true
Entrada_x = 2326.777343
Entrada_y = -1716.702636
Entrada_z = 14.237874
Salida_x = 223.414306
Salida_y = 1273.432006
Salida_z = 1082.140014
Caja_Fuerte_x = 0.000000
Caja_Fuerte_y = 0.000000
Caja_Fuerte_z = 0.000000
Familia = 0
Ropa_0 = 0
Ropa_1 = 0
Ropa_2 = 0
Ropa_3 = 0
Ropa_4 = 0
Ropa_5 = 0
Ropa_6 = 0
Ropa_7 = 0
Ropa_8 = 0
Ropa_9 = 0
Contraseña_puerta = 5432
ObjData_0 = 2299|229.790|1274.460|1081.012|0.898|-1.799|1.299
ObjData_1 = 2525|217.230|1276.028|1081.136|0.000|0.000|0.000
ObjData_2 = 2524|218.526|1275.933|1081.126|0.000|0.000|0.000
ObjData_3 = 2136|217.837|1277.202|1080.866|0.000|0.000|177.000
ObjData_4 = 2140|218.846|1277.168|1080.992|0.199|0.000|177.299
ObjData_5 = 2137|219.814|1277.125|1081.007|0.000|0.000|177.399
ObjData_6 = 2149|219.482|1277.105|1082.257|0.000|0.000|177.700
ObjData_7 = 2135|220.801|1277.205|1081.126|0.000|0.000|177.599
ObjData_8 = 2136|0.000|0.000|0.000|0.000|0.000|0.000
ObjData_9 = 2526|217.347|1274.487|1081.126|0.000|0.000|-90.200
ObjData_10 = 1502|219.259|1272.958|1081.098|0.900|-0.400|86.799
ObjData_11 = 1723|225.840|1275.998|1081.166|0.000|0.000|-179.299
ObjData_12 = 1502|227.890|1276.672|1081.126|0.000|0.000|-91.799
ObjData_13 = 1724|226.770|1278.405|1081.098|0.000|0.000|-88.999
ObjData_14 = 1724|222.901|1277.456|1081.119|0.000|0.000|89.499
ObjData_15 = 1817|0.000|0.000|0.000|0.000|0.000|0.000
ObjData_16 = 19387|0.000|0.000|0.000|0.299|0.399|-91.199
ObjData_17 = 19430|0.000|0.000|0.000|0.000|0.000|90.199
ObjData_18 = 19430|0.000|0.000|0.000|0.000|0.000|-92.599
ObjData_19 = 19430|0.000|0.000|0.000|0.000|0.000|0.000
ObjData_20 = 19430|0.000|0.000|0.000|0.000|0.000|0.000
ObjData_21 = 19166|231.490|1271.963|1083.259|-89.999|10.399|9.200
ObjData_22 = 2779|219.951|1275.847|1081.116|0.000|0.000|0.000
Arm0 = 66
ArmD0 = 0
ObjData_23 = 2313|223.960|1279.225|1081.256|0.000|0.000|0.000
ObjData_24 = 2964|0.000|0.000|0.000|0.000|-0.299|-3.299
ObjData_25 = 2316|224.571|1279.360|1082.137|0.000|0.000|0.000
ObjData_26 = 2167|234.420|1274.236|1081.159|0.000|0.000|-89.799
ObjData_27 = 2630|226.816|1273.246|1081.098|0.000|0.000|84.199
ObjData_28 = 2627|226.717|1274.555|1081.177|0.000|0.000|-94.000
ObjData_29 = 1762|228.925|1273.416|1081.177|0.000|0.000|88.900
ObjData_30 = 1817|224.169|1277.177|1081.448|0.000|0.000|0.000
ObjData_31 = 1808|223.257|1279.593|1081.259|0.000|0.000|-89.399
ObjData_32 = 1717|231.068|1272.531|1080.946|0.000|0.000|138.799
ObjData_33 = 1723|0.000|0.000|0.000|0.000|0.000|0.000
ObjData_34 = 1649|231.570|1275.862|1082.137|0.000|0.000|-89.799
ObjData_35 = 2202|233.604|1272.286|1081.146|0.000|0.000|179.000
ObjData_36 = 2069|227.319|1279.669|1081.136|0.000|0.000|0.000
ObjData_37 = 2103|224.549|1279.257|1082.508|0.000|0.000|0.000
ObjData_38 = 1839|230.351|1272.095|1082.137|0.000|0.000|-86.199
ObjData_39 = 1840|229.768|1272.160|1082.137|0.000|0.000|-89.699
ObjData_40 = 1840|230.928|1272.104|1082.137|0.000|0.000|-86.899
ObjData_41 = 2165|232.394|1277.445|1081.056|0.000|0.000|0.000
ObjData_42 = 2356|232.925|1276.215|1081.107|0.000|0.000|0.000
ObjData_43 = 2028|224.613|1277.719|1081.977|0.000|0.000|0.000
ObjData_44 = 2141|0.000|0.000|0.000|0.000|0.000|0.000
Arm1 = 106
ArmD1 = 3
Arm2 = 0
ArmD2 = 0
Arm4 = 0
ArmD4 = 0
Arm5 = 75
ArmD5 = 10
Transferida = 
