[data]
Nombre = Sons of Anarchy
Dueño = Roland_Duban
Contraseña = 0
Dinero = 1000
Precio = 44000
VirtualWorld = 193
Interior = 1
Comprada = true
Cerrada = true
Entrada_x = 2065.100097
Entrada_y = -1703.409301
Entrada_z = 14.148427
Salida_x = 223.414306
Salida_y = 1273.432006
Salida_z = 1082.140014
Caja_Fuerte_x = 0.000000
Caja_Fuerte_y = 0.000000
Caja_Fuerte_z = 0.000000
Familia = 0
Ropa_0 = 0
Ropa_1 = 0
Ropa_2 = 0
Ropa_3 = 0
Ropa_4 = 0
Ropa_5 = 0
Ropa_6 = 0
Ropa_7 = 0
Ropa_8 = 0
Ropa_9 = 0
Contraseña_puerta = 2430
ObjData_0 = 2300|230.009|1274.965|1081.239|-0.898|0.199|-90.598
ObjData_1 = 0|0.000|0.000|0.000|0.000|0.000|0.000
ObjData_2 = 2525|217.412|1274.247|1081.126|-0.099|0.000|86.700
ObjData_3 = 1502|219.445|1272.989|1081.104|0.000|0.000|89.999
ObjData_4 = 1762|219.849|1275.502|1081.114|0.000|-3.198|45.899
ObjData_5 = 0|0.000|0.000|0.000|0.000|0.000|0.000
ObjData_6 = 2527|217.303|1275.051|1081.098|0.000|0.000|0.000
ObjData_7 = 2069|234.292|1275.624|1081.167|0.000|0.000|0.000
ObjData_8 = 2069|227.379|1274.633|1081.160|0.000|0.000|0.000
ObjData_9 = 2079|220.991|1277.299|1081.727|0.000|0.000|0.000
ObjData_10 = 2079|219.745|1277.298|1081.717|0.000|0.000|-178.699
ObjData_11 = 2079|220.358|1278.108|1081.717|0.000|0.000|48.502
ObjData_12 = 2079|0.000|0.000|0.000|0.000|0.000|88.698
ObjData_13 = 2132|216.987|1277.217|1081.026|0.000|0.000|92.499
ObjData_14 = 2141|216.910|1279.220|1081.057|0.000|-1.000|91.999
ObjData_15 = 2149|216.854|1277.016|1082.246|0.000|0.000|134.098
ObjData_16 = 2134|218.693|1277.227|1081.036|0.000|0.000|179.699
ObjData_17 = 2133|217.720|1277.248|1081.027|-0.100|0.499|179.300
ObjData_18 = 2131|0.000|0.000|0.000|0.000|0.000|93.600
ObjData_19 = 19384|0.000|0.000|0.000|0.000|0.000|0.000
ObjData_20 = 1828|222.082|1274.995|1081.119|0.000|0.000|92.699
ObjData_21 = 16779|224.887|1276.229|1084.720|0.000|0.000|0.000
ObjData_22 = 2112|220.384|1277.363|1081.530|0.000|0.000|0.000
Arma_0 = 32
Arma_1 = 34
Arma_2 = 0
Arma_3 = 0
Arma_4 = 0
Arma_5 = 0
Arma_6 = 0
Arma_7 = 0
Arma_8 = 0
Arma_9 = 0
Bala_0 = 4
Bala_1 = 20
Bala_2 = 0
Bala_3 = 0
Bala_4 = 0
Bala_5 = 0
Bala_6 = 0
Bala_7 = 0
Bala_8 = 0
Bala_9 = 0
ObjData_23 = 19354|226.082|1276.844|1082.868|0.000|0.000|91.199
ObjData_24 = 19354|0.000|0.000|0.000|0.000|0.000|0.000
ObjData_25 = 1502|221.421|1278.483|1081.147|0.000|0.000|91.300
ObjData_26 = 1502|228.123|1275.150|1081.117|0.000|0.000|93.000
ObjData_27 = 1753|224.751|1272.970|1081.140|0.000|0.000|90.000
ObjData_28 = 1817|232.319|1276.220|1081.126|0.000|0.000|0.000
ObjData_29 = 1717|229.347|1272.652|1081.067|0.000|0.000|45.099
Arm0 = 104
ArmD0 = 0
Arm1 = 102
ArmD1 = 0
Arm2 = 104
ArmD2 = 0
Arm3 = 102
ArmD3 = 0
Arm4 = 102
ArmD4 = 0
Arm5 = 0
ArmD5 = 0
Arm6 = 0
ArmD6 = 0
Arm7 = 0
ArmD7 = 0
Arm8 = 0
ArmD8 = 0
Arm9 = 0
ArmD9 = 0
Arm10 = 0
ArmD10 = 0
Arm11 = 0
ArmD11 = 0
ObjData_30 = 2316|227.010|1273.415|1082.276|0.000|0.000|-105.399
ObjData_31 = 2112|227.004|1273.339|1081.516|0.000|0.000|85.800
ObjData_32 = 2120|0.000|0.000|0.000|0.000|0.000|0.000
ObjData_33 = 1840|0.000|0.000|0.000|0.000|0.000|0.000
Transferida = Roland_Duban
ObjData_34 = 1799|224.257|1280.514|1081.096|0.000|0.000|-90.199
ObjData_35 = 19354|0.000|0.000|0.000|0.000|0.000|0.000
ObjData_36 = 19384|223.750|1278.453|1082.880|0.000|0.000|0.000
ObjData_37 = 19427|224.469|1276.824|1082.843|0.599|0.000|90.999
ObjData_38 = 2103|0.000|0.000|0.000|0.000|0.000|0.000
ObjData_39 = 2161|227.980|1278.113|1082.137|0.000|0.000|-89.800
ObjData_40 = 1999|226.977|1277.395|1081.106|0.000|0.000|178.399
ObjData_41 = 2356|226.252|1277.965|1081.067|0.000|0.000|-170.800
ObjData_42 = 19317|227.699|1279.141|1082.912|-0.899|43.799|-89.500
ObjData_43 = 1491|223.743|1277.707|1081.086|0.000|0.000|89.500
