[data]
Nombre = Kenshy Home
Dueño = Kenshy_Matsumoto
Contraseña = 33030347
Dinero = 0
Precio = 46000
VirtualWorld = 197
Interior = 1
Comprada = true
Cerrada = true
Entrada_x = 2016.544555
Entrada_y = -1641.609008
Entrada_z = 14.112874
Salida_x = 223.414306
Salida_y = 1273.432006
Salida_z = 1082.140014
Caja_Fuerte_x = 0.000000
Caja_Fuerte_y = 0.000000
Caja_Fuerte_z = 0.000000
Familia = 0
Ropa_0 = 0
Ropa_1 = 0
Ropa_2 = 0
Ropa_3 = 0
Ropa_4 = 0
Ropa_5 = 0
Ropa_6 = 0
Ropa_7 = 0
Ropa_8 = 0
Ropa_9 = 0
Contraseña_puerta = 1098
ObjData_0 = 1502|221.415|1278.481|1081.123|1.899|0.099|81.299
ObjData_1 = 1502|227.781|1275.116|1081.131|0.199|-0.300|87.299
ObjData_2 = 2525|217.250|1275.879|1081.166|0.000|0.000|0.000
ObjData_3 = 2524|217.307|1272.751|1081.126|0.000|0.000|86.799
ObjData_4 = 2322|230.968|1272.356|1082.009|0.200|-0.799|179.300
ObjData_5 = 1502|219.382|1272.959|1081.124|0.401|-0.398|87.397
ObjData_6 = 1726|223.611|1279.427|1081.117|0.000|0.000|0.000
ObjData_7 = 1726|226.608|1278.785|1081.115|0.000|0.000|-89.698
ObjData_8 = 1727|222.079|1277.051|1081.136|0.000|0.000|91.000
ObjData_9 = 1803|217.864|1278.015|1081.116|0.000|0.000|-89.099
Arma_0 = 27
Arma_1 = 29
Arma_2 = 17
Arma_3 = 23
Arma_4 = 0
Arma_5 = 0
Arma_6 = 0
Arma_7 = 0
Arma_8 = 0
Arma_9 = 0
Bala_0 = 35
Bala_1 = 150
Bala_2 = 10
Bala_3 = 110
Bala_4 = 0
Bala_5 = 0
Bala_6 = 0
Bala_7 = 0
Bala_8 = 0
Bala_9 = 0
ObjData_10 = 2161|234.517|1277.215|1082.137|0.000|0.000|-93.100
ObjData_11 = 2313|231.680|1272.301|1081.129|-0.299|0.600|178.400
ObjData_12 = 2165|233.998|1274.704|1081.140|0.099|0.000|-91.600
ObjData_13 = 2527|218.606|1275.061|1081.146|0.000|0.000|0.000
ObjData_14 = 19166|234.488|1274.391|1083.204|-1.399|-89.800|1.100
ObjData_15 = 19173|230.924|1271.841|1083.038|0.000|0.000|0.000
ObjData_16 = 1808|227.078|1273.039|1081.130|-0.400|-0.200|-178.099
ObjData_17 = 19317|228.481|1274.254|1083.042|-0.099|36.100|94.000
ObjData_18 = 2356|232.983|1273.982|1081.126|0.000|0.000|-87.699
ObjData_19 = 2301|230.567|1274.633|1081.147|0.000|0.000|0.000
ObjData_20 = 1828|224.424|1277.221|1081.109|0.000|-0.000|93.100
ObjData_21 = 19357|216.471|1278.420|1082.857|0.000|0.000|0.000
ObjData_22 = 2779|228.760|1277.531|1081.078|0.000|0.000|0.000
Arm0 = 75
ArmD0 = 26
Arm1 = 117
ArmD1 = 0
Arm2 = 0
ArmD2 = 0
Arm3 = 0
ArmD3 = 0
Arm11 = 0
ArmD11 = 0
Arm10 = 0
ArmD10 = 0
Transferida = Kenshy_Matsumoto
Arm4 = 0
ArmD4 = 0
