[data]
Nombre = Brown's House
Dueño = Jesus_Miguel
Contraseña = 0
Dinero = 0
Precio = 37000
VirtualWorld = 198
Interior = 15
Comprada = true
Cerrada = true
Entrada_x = 2018.055786
Entrada_y = -1630.053466
Entrada_z = 14.042566
Salida_x = 326.308105
Salida_y = 1456.211425
Salida_z = 1084.595947
Caja_Fuerte_x = 0.000000
Caja_Fuerte_y = 0.000000
Caja_Fuerte_z = 0.000000
Familia = 0
Ropa_0 = 0
Ropa_1 = 0
Ropa_2 = 0
Ropa_3 = 0
Ropa_4 = 0
Ropa_5 = 0
Ropa_6 = 0
Ropa_7 = 0
Ropa_8 = 0
Ropa_9 = 0
Contraseña_puerta = 0
ObjData_0 = 19166|331.859|1464.915|1085.125|89.598|-89.699|-90.598
ObjData_1 = 2161|323.670|1455.550|1084.537|0.000|0.000|178.200
ObjData_2 = 1724|322.318|1456.128|1083.404|-1.899|-0.600|179.199
ObjData_3 = 1808|317.911|1455.710|1083.444|1.999|0.600|93.799
ObjData_4 = 2525|331.081|1460.327|1083.701|-3.399|-0.699|178.299
ObjData_5 = 2524|329.935|1460.161|1083.356|4.599|-5.399|178.499
ObjData_6 = 2301|318.074|1464.791|1083.439|0.000|0.000|0.000
ObjData_7 = 1409|332.904|1463.403|1083.560|0.000|0.000|0.000
ObjData_8 = 1502|329.210|1460.906|1083.402|0.100|0.598|90.299
ObjData_9 = 1724|320.732|1458.952|1083.440|0.000|0.000|0.000
ObjData_10 = 2313|318.150|1456.555|1083.527|0.000|0.000|91.399
ObjData_11 = 1502|325.838|1464.065|1083.420|-0.099|-0.400|-96.499
ObjData_12 = 1502|327.074|1464.853|1083.459|0.000|0.000|0.000
ObjData_13 = 1502|331.514|1459.701|1083.378|0.000|0.000|0.000
ObjData_14 = 2069|320.041|1459.096|1083.499|0.000|0.000|0.000
ObjData_15 = 19317|330.149|1464.957|1085.038|-1.700|-56.499|-178.199
ObjData_16 = 2964|320.305|1462.285|1083.409|0.000|0.099|179.100
ObjData_17 = 2167|325.678|1461.277|1084.517|-0.098|-0.499|-87.698
ObjData_18 = 2316|318.215|1457.218|1084.407|0.000|0.000|91.499
ObjData_19 = 19173|323.329|1468.340|1085.388|0.000|0.000|0.000
ObjData_20 = 2294|326.308|1469.444|1083.419|0.000|0.000|0.000
ObjData_21 = 2132|329.789|1463.248|1083.458|0.000|0.000|0.000
ObjData_22 = 2141|330.224|1469.437|1083.389|0.000|0.000|0.000
ObjData_23 = 2129|329.234|1469.383|1083.439|0.000|0.000|0.000
ObjData_24 = 2127|327.249|1469.350|1083.448|0.000|0.000|0.000
ObjData_25 = 2130|331.250|1469.384|1083.428|0.000|0.000|0.000
ObjData_26 = 2779|318.283|1459.003|1083.447|0.000|0.000|55.299
ObjData_27 = 2313|329.747|1459.175|1083.479|0.000|0.000|0.000
ObjData_28 = 2165|320.335|1467.863|1083.479|0.000|0.000|0.000
ObjData_29 = 2161|320.161|1455.525|1084.579|0.000|0.000|179.800
ObjData_30 = 2301|333.813|1456.095|1083.428|0.000|0.000|0.000
ObjData_31 = 1765|321.363|1466.396|1083.479|0.000|0.000|178.500
ObjData_32 = 1765|0.000|0.000|0.000|0.000|0.000|176.800
ObjData_33 = 2115|331.422|1465.421|1083.407|0.000|0.000|0.000
ObjData_34 = 2120|330.571|1465.363|1084.049|0.000|0.000|-175.900
ObjData_35 = 1502|329.256|1456.834|1083.448|-0.300|0.699|89.099
ObjData_36 = 2120|0.000|0.000|0.000|0.000|0.000|0.000
ObjData_37 = 2120|332.539|1466.418|1084.069|0.000|0.000|87.099
ObjData_38 = 1724|330.777|1455.201|1083.366|-0.099|0.000|177.400
ObjData_39 = 2322|330.485|1459.056|1084.328|0.000|0.000|0.000
ObjData_40 = 19172|335.277|1456.927|1085.338|0.000|0.000|-89.899
ObjData_41 = 2135|0.000|0.000|0.000|0.000|-3.499|39.099
Arm0 = 74
ArmD0 = 142
ObjData_42 = 1502|324.833|1458.271|1083.417|-1.899|0.000|-94.899
ObjData_43 = 2298|322.706|1464.300|1083.400|0.000|0.000|0.000
ObjData_44 = 2103|0.000|0.000|0.000|0.000|0.000|0.000
Arm1 = 73
ArmD1 = 92
Arm2 = 0
ArmD2 = 0
Arm3 = 9
ArmD3 = 30
Arm4 = 0
ArmD4 = 0
Arm5 = 18
ArmD5 = 1
Arm6 = 13
ArmD6 = 4
Arm7 = 13
ArmD7 = 1
Arm8 = 0
ArmD8 = 0
Arm9 = 8
ArmD9 = 0
Arm10 = 37
ArmD10 = 7
Arm11 = 0
ArmD11 = 0
Transferida = Jesus_Miguel
